compareData/construction.asc
nCols	220
nRows	174
xllCorner	-88.68333
yllCorner	37.64167
cellSize	8.333334E-03
NODATA_value	-9999
[rows 76 to 113 of 174, columns 84 to 167 of 220]
1.01 1.05 1.01 1.00 1.00 1.00 0.91 1.00 0.94 1.00 1.00 1.00 1.00 1.00 1.00 1.02 1.02 1.02 1.00 1.00 0.81 0.78 1.00 1.00 0.98 0.89 0.89 1.00 1.00 1.00 1.00 1.00 1.00 1.00 1.00 1.03 1.16 1.17 1.16 1.17 1.47 1.36 1.33 0.92 0.88 1.04 1.13 1.29 1.27 1.05 1.03 1.02 1.01 1.01 1.00 1.00 0.88 0.92 1.04 1.12 1.28 1.14 1.10 1.14 1.28 1.28 1.26 1.11 1.02 1.03 1.17 1.17 1.03 1.02 1.03 1.05 1.06 1.06 1.06 1.03 1.03 1.03 0.93 1.02
0.94 0.94 0.94 0.94 0.94 0.91 0.94 1.00 0.94 1.00 1.00 1.00 1.00 1.00 1.00 1.00 1.00 1.00 1.00 1.01 0.85 0.82 0.86 0.97 0.94 0.74 0.97 1.00 1.00 1.00 1.00 1.00 1.00 1.00 1.00 1.03 1.16 1.06 1.05 1.06 1.47 3.55 1.44 1.02 0.89 0.98 1.34 1.37 1.28 1.01 1.07 1.06 1.06 1.02 1.01 0.88 0.88 1.00 1.01 1.04 0.99 1.12 1.28 1.28 1.26 1.27 1.27 1.22 1.05 1.03 1.05 1.05 1.03 1.00 1.00 1.00 1.03 1.16 1.17 1.16 1.06 1.04 1.07 1.05
1.00 1.00 1.00 1.00 1.00 1.00 1.00 1.00 0.94 1.00 1.00 1.00 1.00 1.00 1.00 1.00 1.00 1.00 1.00 0.88 0.89 1.01 0.89 0.74 0.68 0.69 0.95 1.00 1.00 1.00 1.00 1.00 1.00 1.00 1.00 1.02 1.02 1.02 1.00 1.02 1.33 1.34 1.33 1.03 1.08 1.00 1.15 1.32 0.97 0.94 1.02 1.03 1.04 1.09 0.93 0.88 1.00 1.00 1.00 0.88 0.95 1.11 1.13 1.13 1.15 1.27 1.28 1.23 1.18 1.04 1.03 1.16 1.06 1.03 1.02 1.00 1.03 1.16 1.08 1.08 1.06 1.04 1.23 1.19
1.00 1.00 1.00 1.00 1.00 1.00 1.00 1.00 0.94 1.00 1.00 1.00 1.00 1.00 1.00 1.00 1.00 1.00 1.00 0.85 0.88 1.01 0.98 0.94 0.66 0.64 0.83 0.98 1.00 1.00 1.00 1.00 1.00 1.01 1.01 1.01 1.00 1.00 1.00 1.00 1.00 1.00 1.00 1.02 1.08 1.13 1.11 0.99 0.94 1.03 1.01 1.02 1.14 0.95 0.91 1.01 1.00 0.91 0.88 0.91 1.01 1.02 1.03 1.09 1.11 1.13 1.12 1.14 1.23 1.07 1.08 1.22 1.24 1.21 1.06 1.02 1.02 1.03 1.05 1.17 1.04 1.07 1.22 1.19
1.00 1.00 1.00 1.00 1.00 1.00 1.00 1.00 0.94 1.00 1.00 1.00 1.00 1.00 1.00 1.00 1.00 1.00 0.84 0.81 1.00 1.00 1.00 0.95 0.80 0.60 0.68 0.95 0.98 1.00 1.00 1.00 1.01 1.03 1.07 1.03 1.01 1.01 1.00 1.00 1.00 1.00 1.00 1.02 1.08 1.12 1.13 0.88 0.89 1.09 1.09 1.06 0.93 0.92 1.03 0.88 0.88 0.91 1.00 1.00 1.00 1.02 1.02 1.04 1.14 1.03 1.02 1.04 1.08 1.11 1.23 1.27 1.30 1.29 1.27 1.05 1.03 1.05 1.17 1.08 1.08 1.00 1.22 1.09
1.00 1.00 1.00 1.00 1.00 1.00 1.00 1.00 0.94 1.00 1.00 1.00 1.00 0.91 0.88 0.88 0.84 0.81 0.81 0.86 0.90 0.93 1.02 0.84 0.65 0.59 0.63 0.81 0.97 1.02 1.02 1.02 1.02 1.10 1.17 1.04 1.05 1.01 1.00 1.00 1.00 1.00 1.00 1.01 1.08 1.09 1.00 0.94 0.94 0.96 1.09 1.05 0.91 1.06 0.85 0.88 1.00 1.00 1.00 1.00 1.00 1.02 1.13 1.03 1.02 1.02 1.00 1.01 1.01 1.04 1.11 1.13 1.16 1.28 1.22 1.18 1.05 1.17 1.16 1.06 1.17 1.11 1.20 1.20
1.00 1.00 1.00 1.00 1.00 1.00 1.00 1.00 0.91 1.00 0.91 0.91 0.91 0.91 1.00 0.84 0.78 0.79 0.82 1.02 1.14 0.97 0.83 0.83 0.70 0.68 0.91 0.97 1.31 1.06 1.17 1.05 1.05 1.19 1.21 1.07 1.02 1.01 1.00 1.00 1.00 1.00 1.00 1.01 1.03 1.09 0.98 1.21 1.20 0.91 0.82 0.86 1.07 0.88 0.89 1.02 1.02 1.02 1.01 1.02 1.01 1.02 1.02 1.02 1.00 1.00 1.00 1.00 1.00 1.02 1.03 1.03 1.05 1.17 1.07 1.05 1.17 1.07 1.06 1.08 1.06 1.13 1.23 1.13
1.00 1.00 1.00 1.00 1.00 1.00 1.00 1.00 0.88 0.84 0.91 1.00 1.00 1.00 1.00 0.91 1.00 0.82 0.85 1.01 1.02 0.86 0.90 0.99 0.97 0.97 1.30 3.50 1.48 1.52 1.20 1.17 1.05 1.17 1.19 1.16 1.02 1.00 1.00 1.00 1.00 1.00 1.00 1.00 1.03 1.09 1.12 1.20 1.26 1.02 0.90 0.92 0.92 0.98 1.05 1.06 1.17 1.05 1.07 1.06 1.06 1.01 1.00 1.00 1.00 1.00 1.00 1.00 1.00 1.03 1.16 1.06 1.06 1.06 1.06 1.05 1.09 1.09 1.10 1.05 1.08 1.25 1.23 1.23
0.91 0.94 0.94 0.94 0.94 0.94 0.94 0.88 0.84 1.00 1.00 1.00 1.00 1.00 1.00 0.91 1.00 0.85 0.79 0.84 0.77 0.91 1.01 1.01 1.31 1.64 2.39 2.72 4.29 1.61 1.11 1.06 1.03 1.03 1.05 1.03 1.02 1.00 1.00 1.00 1.00 1.00 1.00 1.00 1.03 1.20 0.99 1.08 1.17 1.14 1.37 1.09 0.91 0.96 1.21 1.20 1.19 1.16 1.03 1.02 1.01 1.01 1.00 1.00 1.00 1.02 1.02 1.02 1.02 1.06 1.20 1.22 1.20 1.20 1.20 1.18 1.04 1.05 1.05 1.08 1.25 1.25 1.25 1.25
1.00 1.00 1.00 1.00 1.00 1.00 1.00 1.00 0.88 0.88 0.94 0.94 0.94 0.94 0.88 0.88 1.00 0.81 0.78 0.83 0.99 1.03 1.02 1.33 1.95 4.77 5.09 5.41 4.80 2.11 1.06 0.91 0.93 1.05 1.05 1.05 1.03 1.02 1.00 1.00 1.00 1.00 1.00 1.00 1.02 1.02 0.93 1.05 1.07 1.09 1.08 1.20 1.20 1.11 1.23 1.22 1.09 1.05 1.02 1.01 1.00 1.00 1.00 1.00 1.00 1.02 1.14 1.05 1.06 1.20 1.22 1.22 1.20 1.20 1.20 1.17 1.05 0.96 1.05 1.22 1.22 1.23 1.25 1.23
0.91 1.00 1.00 1.00 1.00 1.00 1.00 1.00 0.91 1.00 1.00 1.00 1.00 1.00 1.00 0.81 0.78 0.79 0.84 1.03 1.02 1.01 1.33 2.06 5.08 5.69 6.00 5.70 4.78 1.67 1.03 1.05 1.02 1.05 1.19 1.17 1.14 1.02 1.00 1.00 1.00 1.00 1.01 1.01 1.01 1.00 0.86 0.82 0.97 1.00 1.08 1.29 1.32 1.17 0.99 1.22 1.20 1.08 1.09 1.04 1.01 1.01 1.00 1.00 1.00 1.02 1.03 1.16 1.17 1.19 1.19 1.06 1.05 1.05 1.05 1.03 1.03 1.36 1.48 1.38 1.06 1.19 1.20 1.19
0.91 1.00 1.00 1.00 1.00 1.00 1.00 1.00 0.88 1.00 1.00 1.00 1.00 1.00 0.88 0.84 0.82 0.82 1.00 1.42 1.53 1.75 1.83 4.70 5.39 6.00 6.00 5.70 3.00 1.95 1.31 1.03 1.17 1.02 1.00 1.06 1.03 1.02 1.00 1.00 1.00 1.01 1.02 1.06 1.01 1.00 0.79 0.66 0.85 0.74 0.95 1.17 1.19 1.20 1.02 1.07 1.22 1.22 1.24 1.11 1.07 1.01 1.00 1.00 1.00 1.00 1.02 1.03 1.05 1.05 1.03 1.02 1.00 1.00 1.00 1.00 1.02 1.56 4.16 1.95 1.33 1.03 1.05 1.05
0.94 1.00 1.00 1.00 1.00 1.00 1.00 0.91 0.88 0.91 0.91 0.88 0.84 0.84 0.88 1.00 1.03 0.96 1.04 1.45 3.55 3.75 3.81 2.50 5.38 6.00 6.00 5.70 5.39 4.45 1.63 1.02 1.03 0.88 0.84 0.89 0.91 0.94 0.94 0.94 0.94 0.95 1.01 1.01 0.91 0.83 0.78 0.68 0.65 0.67 0.71 0.81 0.94 0.85 1.22 1.00 0.98 1.24 1.23 1.13 1.08 1.02 1.00 1.00 1.00 1.00 1.00 1.00 1.00 1.00 1.00 1.00 1.00 1.00 1.00 0.98 0.88 1.54 4.45 4.45 1.64 1.03 1.03 1.06
0.94 1.00 1.00 1.00 1.00 1.00 1.00 0.91 1.00 1.00 1.00 0.81 0.81 0.88 1.00 1.00 1.03 1.02 1.05 1.42 1.78 3.75 1.75 1.88 4.75 5.69 6.00 6.00 6.00 5.06 1.94 1.00 0.88 0.88 1.00 0.88 1.00 1.00 1.01 1.01 1.02 1.07 1.08 1.08 1.03 0.71 0.80 0.95 0.81 0.70 0.81 0.95 0.98 1.04 1.00 0.99 1.04 1.23 1.21 1.11 1.08 1.01 1.00 1.00 1.00 1.00 1.00 1.00 1.00 1.00 1.00 1.00 1.00 1.00 0.98 0.81 0.70 1.41 1.97 4.17 1.64 0.94 1.19 1.22
0.94 1.00 1.00 1.00 1.00 1.00 1.00 0.91 1.00 1.00 0.88 0.88 1.00 1.00 1.00 1.00 1.02 0.90 1.05 1.03 1.27 1.25 1.25 1.31 1.94 4.75 5.06 5.06 5.06 4.44 1.63 0.88 0.88 1.00 1.00 0.94 1.00 1.01 1.02 1.07 1.07 1.02 1.02 1.03 1.03 0.91 0.84 0.98 0.97 0.86 0.97 0.98 1.02 1.03 1.06 0.97 0.99 1.21 1.12 1.09 1.02 1.01 0.91 0.88 0.91 1.00 1.00 1.00 1.00 1.00 1.00 1.02 1.02 1.02 0.86 0.71 0.73 0.84 1.20 1.31 1.34 1.08 1.12 1.13
0.94 1.00 1.00 1.00 1.00 1.00 1.00 0.84 0.84 0.88 0.91 1.00 1.00 1.00 1.00 1.00 0.91 0.91 1.00 1.00 1.00 1.00 1.00 1.00 1.31 1.63 1.94 1.94 1.94 1.64 1.20 0.89 1.02 1.02 1.01 0.94 1.01 1.01 1.07 1.07 1.02 1.01 1.00 1.02 0.90 1.03 0.92 0.88 0.84 0.88 1.00 1.00 1.00 1.00 1.02 0.90 0.90 0.93 0.98 0.95 0.94 0.91 0.91 1.00 0.91 0.91 0.94 0.94 0.94 0.94 0.94 0.95 1.02 0.86 0.80 0.97 0.97 0.80 0.85 1.05 1.25 1.25 1.25 1.23
0.91 1.00 1.00 1.00 1.00 1.00 0.88 0.84 0.88 1.00 1.00 1.00 1.00 1.00 1.00 1.00 0.91 1.00 1.00 1.00 1.00 1.00 1.00 1.00 1.00 1.00 1.00 1.01 1.03 0.97 0.99 1.12 1.11 1.10 1.09 0.95 1.01 1.06 1.02 1.01 1.01 1.00 1.00 0.88 0.91 1.00 1.00 1.00 0.84 0.88 1.00 1.00 1.00 1.00 1.00 1.01 0.85 0.83 1.01 1.01 1.00 1.00 1.00 1.00 1.00 1.00 1.01 1.01 1.01 1.01 1.00 1.02 1.02 0.82 0.84 0.91 0.91 0.91 1.05 1.20 1.25 1.25 1.25 1.23
0.84 1.00 1.00 1.00 0.91 0.88 0.91 1.00 1.00 1.00 1.00 1.00 1.00 1.00 1.00 1.00 0.94 1.00 1.00 1.00 1.00 1.00 1.00 1.00 1.00 1.00 1.01 0.92 0.97 1.15 1.33 1.21 1.20 1.27 1.13 1.02 1.02 1.01 1.01 1.00 1.00 1.00 0.88 0.88 1.00 1.00 1.00 1.00 1.00 0.91 1.00 1.00 1.00 1.00 1.00 1.00 1.00 0.91 0.91 0.94 0.94 0.94 0.94 0.95 0.95 0.91 0.88 0.93 1.08 0.89 0.89 0.89 0.86 0.85 1.01 1.00 1.00 1.00 1.05 1.20 1.25 1.25 1.25 1.23
0.78 0.84 1.00 0.88 0.88 1.02 1.03 1.03 1.02 1.00 1.00 1.00 1.00 1.00 1.00 1.00 0.94 1.00 1.00 1.00 1.00 1.00 1.00 1.00 1.00 1.00 0.89 0.94 1.13 1.27 1.24 1.22 1.23 1.23 1.27 1.04 1.03 1.01 1.00 1.00 1.00 0.91 0.88 1.00 1.00 1.00 1.00 1.00 1.00 0.92 0.98 0.98 1.00 1.00 1.00 1.00 1.00 1.00 1.00 1.00 1.00 1.01 1.02 1.08 1.09 1.05 0.82 0.89 0.91 0.94 0.90 1.07 0.91 0.94 1.02 1.01 1.00 1.00 1.03 1.19 1.23 1.25 1.25 1.25
0.75 0.78 0.78 0.81 1.00 1.02 1.14 1.45 1.33 1.31 1.00 1.00 1.00 1.00 1.00 1.00 0.94 1.00 1.00 1.00 1.00 1.00 1.00 1.00 1.00 0.88 0.89 1.07 1.10 1.11 1.12 1.11 1.08 1.22 1.22 1.08 1.09 1.02 1.00 1.00 1.00 0.88 1.00 1.00 1.00 1.00 1.00 1.00 1.00 0.92 0.88 0.98 1.00 1.00 1.00 1.00 1.00 1.00 1.00 1.00 1.00 1.01 0.98 1.02 1.13 1.10 1.04 0.96 1.03 1.03 1.10 1.10 0.95 1.07 1.07 1.02 1.01 1.01 1.02 1.06 1.22 1.25 1.25 1.25
0.78 0.81 0.84 1.08 1.31 1.36 1.34 1.66 3.83 1.63 1.00 1.00 1.00 1.02 1.03 1.03 0.92 1.00 1.00 1.00 1.00 1.00 1.00 1.00 0.88 0.88 1.01 1.02 1.02 1.02 1.02 1.02 1.08 1.06 1.18 1.11 1.15 1.02 1.00 1.00 0.88 0.91 1.00 1.00 1.00 1.00 1.00 1.00 1.00 0.92 0.98 0.98 1.00 1.00 1.00 1.00 1.00 1.00 0.91 0.91 0.94 0.92 0.99 1.19 1.20 1.20 1.19 1.09 1.03 1.03 1.18 1.16 0.97 1.01 1.05 1.09 1.07 1.01 1.00 1.05 1.20 1.25 1.25 1.25
0.89 1.27 1.28 1.83 4.00 3.88 1.36 1.63 3.81 1.63 1.00 1.00 1.00 1.02 1.16 1.05 0.93 1.00 1.00 1.00 1.00 1.00 0.91 0.88 0.91 1.02 1.06 0.95 0.91 0.91 0.91 1.02 1.01 1.05 1.01 0.91 1.03 1.02 1.00 0.88 0.88 1.00 1.00 1.00 1.00 1.00 1.00 1.00 1.00 0.94 1.00 1.00 1.00 1.00 1.00 0.91 0.91 0.91 0.91 1.00 1.00 1.01 1.08 1.09 1.05 1.05 1.04 1.07 1.02 1.08 1.11 1.14 0.82 1.01 1.18 1.18 1.04 0.99 0.98 1.02 1.19 1.23 1.25 1.25
1.03 1.38 3.05 1.97 3.92 3.89 1.36 1.19 1.31 1.31 1.00 1.00 1.01 1.03 1.06 1.02 1.03 1.00 1.00 1.00 1.00 0.88 0.88 1.00 1.01 1.08 1.08 0.89 1.00 1.00 0.91 0.97 1.00 0.81 0.76 0.86 0.91 0.91 0.84 0.84 1.00 1.00 1.00 1.00 1.00 1.00 1.00 1.00 1.00 0.88 1.00 0.91 0.91 0.94 0.91 0.91 1.00 1.00 1.00 1.00 1.00 1.01 1.01 1.01 1.01 1.00 1.01 1.01 1.01 1.02 1.08 0.91 0.80 1.06 1.21 1.20 1.05 0.98 0.88 1.02 1.08 1.23 1.23 1.22
1.36 1.58 1.30 1.66 1.66 1.52 1.25 0.88 0.84 0.88 0.84 0.86 0.92 0.97 0.94 0.87 1.02 1.00 1.00 0.91 0.88 0.91 1.00 1.00 0.95 0.97 0.97 0.95 1.00 1.00 1.01 1.03 1.12 0.99 0.85 0.98 1.00 1.00 0.81 0.81 1.00 1.00 1.00 1.00 1.00 1.00 1.00 0.88 0.81 0.81 0.78 0.81 1.00 1.00 1.00 1.00 1.00 1.00 1.00 1.00 1.00 1.00 1.00 1.00 1.00 1.00 1.00 1.00 1.00 1.01 1.01 0.87 0.99 1.01 1.11 1.21 1.04 0.98 0.98 1.00 1.16 1.19 1.19 1.06
3.56 1.36 1.06 1.06 1.06 1.03 1.02 0.91 1.00 0.88 0.84 0.83 0.99 1.24 0.92 0.83 0.88 0.94 0.91 0.91 1.00 1.00 1.00 1.00 0.91 1.01 1.01 1.01 1.00 1.00 1.00 1.02 1.02 1.02 0.91 1.00 1.00 1.00 0.81 0.81 0.88 0.94 0.94 0.94 0.94 0.94 0.91 0.83 0.76 0.76 0.80 0.88 0.91 0.94 0.94 0.94 0.94 0.94 0.94 0.94 0.94 0.94 0.94 0.94 0.94 0.94 0.94 0.94 0.94 0.91 0.88 0.91 1.00 1.01 1.03 1.03 1.02 1.00 1.00 1.02 1.04 1.05 1.03 1.02
2.11 1.81 1.20 1.19 1.08 1.16 1.03 0.94 1.00 1.00 1.00 1.02 0.95 0.94 0.89 0.80 1.00 1.00 1.00 1.00 1.00 1.00 1.00 1.00 0.91 1.00 1.00 1.00 1.00 1.00 1.00 1.00 1.00 1.00 0.84 0.81 0.88 0.88 0.88 0.88 1.00 1.00 1.00 1.00 1.00 1.00 1.00 0.98 0.70 0.70 0.98 1.00 1.00 1.00 1.00 1.00 1.00 1.00 1.00 1.00 1.00 1.00 1.00 1.00 1.00 1.00 1.00 1.00 1.00 1.00 0.84 1.00 1.00 1.00 1.00 1.02 1.02 1.02 1.00 1.01 1.05 1.01 1.00 1.00
3.91 1.53 1.22 1.19 1.19 1.18 1.08 0.98 1.03 1.01 1.01 1.00 1.01 1.01 0.85 0.82 0.84 1.00 1.00 1.00 1.00 1.00 1.00 0.84 0.84 1.00 1.00 1.00 1.00 1.00 0.91 0.91 0.94 0.88 0.81 0.78 0.84 1.00 1.00 1.00 1.00 1.00 1.00 1.00 1.00 1.00 1.00 0.98 0.82 0.82 0.98 1.00 1.00 1.00 1.00 1.00 1.00 1.00 1.00 1.00 1.00 1.00 1.00 1.00 1.00 1.00 1.00 1.00 0.91 0.88 0.94 1.00 1.00 1.00 1.00 1.02 1.13 1.02 1.00 1.01 1.01 1.01 1.01 1.01
1.65 1.38 1.06 1.05 1.07 1.13 1.26 1.13 1.11 1.07 1.01 1.00 1.00 1.00 1.00 0.84 0.84 0.88 0.91 1.00 1.00 1.00 0.84 0.81 0.84 0.91 0.94 0.94 0.94 0.91 0.91 1.00 1.00 1.00 0.81 0.81 1.00 1.00 1.00 1.00 1.00 1.00 1.00 1.00 1.00 1.00 1.00 1.00 0.84 0.81 1.00 1.00 1.00 1.00 1.00 1.00 1.00 1.00 1.00 1.00 1.00 1.00 1.00 1.00 1.02 1.03 1.03 0.89 0.88 1.00 1.00 1.00 1.00 1.00 1.00 1.02 1.02 1.03 1.02 1.02 1.01 1.02 1.00 0.92
1.06 0.91 0.89 1.01 1.08 1.12 1.22 1.06 0.98 1.08 1.02 1.00 1.00 1.01 1.01 0.86 1.02 1.02 0.86 0.86 0.89 0.82 0.78 0.78 1.00 1.00 1.00 1.00 1.00 1.00 1.00 1.00 1.00 1.00 0.84 0.88 1.00 1.00 1.00 1.00 1.00 1.00 1.00 1.00 1.00 1.00 1.00 1.00 0.84 0.78 0.84 1.00 1.00 1.00 1.00 1.00 1.00 1.01 1.01 1.01 1.01 1.00 1.02 1.03 1.06 1.19 1.04 0.91 1.02 1.00 1.00 1.00 1.00 1.00 1.00 1.00 1.00 1.04 1.16 1.07 1.06 1.12 1.02 1.07
1.13 1.02 0.91 0.89 0.98 1.10 1.12 0.91 0.92 1.07 1.01 1.01 1.01 1.04 0.93 0.95 0.99 1.03 1.01 1.09 0.93 0.85 0.81 0.81 0.84 1.00 1.00 1.00 1.00 1.00 1.00 1.00 1.00 0.84 0.84 1.00 1.00 1.00 1.00 1.00 1.00 1.00 1.00 1.00 1.00 1.00 1.00 1.00 0.81 0.78 0.81 0.91 1.00 1.00 1.00 1.00 1.00 1.02 1.08 1.08 1.01 1.00 1.02 1.14 1.08 1.07 1.12 1.19 1.03 1.00 1.00 1.00 1.00 1.00 1.00 1.00 1.02 1.07 1.25 1.23 1.22 1.27 1.16 1.26
1.02 1.02 1.00 1.01 0.92 0.94 0.91 0.84 0.83 1.01 1.01 1.03 0.96 0.92 0.98 1.01 1.27 1.25 1.22 1.09 1.02 1.01 1.00 0.84 0.81 0.84 1.00 1.00 1.00 1.00 1.00 1.00 0.91 0.81 0.84 1.00 1.00 1.00 1.00 1.00 1.00 1.00 0.91 0.91 0.94 0.94 0.94 0.88 0.81 0.78 1.00 0.84 1.00 1.00 1.00 1.00 1.02 1.05 1.18 1.10 1.02 1.00 1.02 0.90 0.93 1.20 1.23 1.20 1.05 1.00 1.00 1.00 1.00 1.00 1.00 1.00 1.03 1.19 1.24 1.26 1.26 1.30 1.02 1.07
0.88 1.00 1.00 1.00 1.01 1.01 0.86 0.79 0.79 0.81 0.90 0.98 1.11 1.00 0.96 1.00 1.03 0.99 1.05 1.03 1.01 1.00 1.00 1.00 0.78 0.81 0.88 0.91 0.91 1.00 1.00 1.00 0.84 1.00 0.84 0.88 0.94 0.94 0.94 0.94 0.94 0.91 0.91 1.00 1.00 1.00 1.00 1.00 0.84 0.84 0.84 0.88 0.88 0.94 0.94 0.94 0.95 1.10 1.13 1.06 0.98 0.91 0.88 0.88 1.02 1.06 1.22 1.20 1.05 1.00 1.00 1.02 1.03 1.03 1.02 1.02 0.96 1.09 1.16 1.16 1.18 1.09 1.02 1.02
0.88 0.88 1.00 1.00 1.00 1.00 1.00 0.78 0.75 0.79 0.88 1.23 1.21 1.19 0.86 0.85 1.08 0.92 0.91 0.94 0.94 0.94 0.94 0.88 0.81 0.78 1.00 1.00 0.81 0.81 0.84 0.81 0.81 0.78 0.81 1.00 1.00 1.00 1.00 1.00 1.00 1.00 1.00 1.00 1.00 1.00 1.00 1.00 0.91 1.00 1.00 0.88 1.00 1.00 1.00 1.00 1.02 1.05 1.18 1.22 1.08 1.01 0.84 1.00 1.00 1.05 1.20 1.20 1.05 1.00 0.88 0.86 0.97 1.01 0.95 0.95 1.09 1.20 1.09 1.20 1.23 1.25 1.06 1.05
1.00 0.88 0.88 1.00 1.31 1.11 1.08 0.81 0.78 0.83 1.09 1.11 1.07 1.03 0.89 0.88 1.01 1.01 1.00 1.00 1.00 1.00 1.00 1.00 0.78 0.78 0.81 0.81 0.81 0.78 0.81 0.78 0.78 0.75 0.78 0.84 0.88 0.91 1.00 1.00 1.00 1.00 1.00 1.00 1.00 1.00 1.00 1.00 0.88 1.00 1.00 0.88 1.00 1.00 1.00 1.00 1.00 1.02 1.04 1.04 1.03 0.85 0.85 1.00 1.00 1.05 1.20 1.07 0.93 0.89 0.88 0.86 0.88 1.02 1.08 1.20 1.23 1.22 1.09 1.09 1.23 1.25 1.23 1.10
1.00 1.00 0.88 0.84 1.09 3.28 1.44 1.31 0.84 0.89 1.08 1.09 1.03 1.01 0.91 1.00 1.00 1.00 1.00 1.00 1.00 1.00 1.00 0.88 0.84 0.84 0.84 0.81 0.81 1.00 0.81 1.00 0.78 0.75 0.75 0.78 1.00 0.81 0.84 0.88 0.88 0.84 0.84 0.84 0.88 0.91 0.94 0.91 0.88 0.88 0.84 0.84 0.81 0.84 0.88 1.02 1.02 0.93 0.94 0.95 0.88 0.83 0.79 0.81 0.89 0.96 1.11 1.07 1.02 1.02 1.00 1.00 1.02 1.03 1.17 1.19 1.22 1.22 1.22 1.22 1.23 1.25 1.23 0.99
1.00 1.00 1.00 0.81 1.11 1.78 3.86 1.33 1.00 0.89 1.08 1.09 1.10 1.04 0.90 1.01 1.00 1.00 1.00 0.91 0.91 0.94 0.88 0.88 1.00 1.00 1.00 1.00 0.88 0.84 0.88 0.88 0.84 0.81 0.81 0.84 0.81 0.81 0.84 1.00 0.88 0.84 0.84 0.82 0.82 1.01 1.01 1.00 1.00 0.88 1.00 0.84 0.81 0.84 0.88 0.93 1.05 0.98 1.20 1.26 0.93 0.85 0.83 0.81 0.88 1.19 1.23 1.23 1.09 1.05 1.02 1.00 1.00 1.02 1.03 1.05 1.06 1.20 1.23 1.25 1.25 1.25 1.12 1.09
1.00 1.00 0.88 0.88 1.05 1.50 1.50 1.34 0.88 0.85 1.03 1.11 1.14 1.04 0.93 0.89 0.94 0.94 0.91 0.91 1.00 1.00 1.00 0.91 1.00 1.00 1.00 1.00 1.00 0.84 1.00 1.00 1.00 0.88 1.00 1.00 0.84 0.81 1.00 1.00 1.00 1.00 1.00 1.01 0.96 0.92 0.91 1.00 1.00 0.91 1.00 0.84 1.00 1.00 1.00 1.04 1.17 1.22 1.25 1.31 1.04 0.86 1.02 1.00 0.91 1.17 1.22 1.22 1.22 1.19 1.05 1.02 1.01 1.00 1.00 1.00 1.02 1.05 1.20 1.23 1.25 1.23 1.22 1.07
0.88 0.84 0.84 1.02 1.06 1.20 1.19 1.03 0.85 0.80 0.93 1.03 1.12 1.02 0.86 1.06 1.01 1.00 1.00 1.00 1.00 1.00 1.00 0.94 1.00 1.00 1.00 1.00 0.91 0.91 1.00 1.00 1.00 0.94 1.00 1.00 1.00 0.88 0.91 1.00 1.00 1.00 1.00 1.01 1.01 1.01 0.88 0.88 1.00 0.84 0.78 0.84 0.88 0.94 0.94 0.96 1.03 1.06 1.19 1.11 0.92 0.88 0.88 0.91 0.96 1.04 1.06 1.20 1.23 1.22 1.18 1.08 1.03 1.04 1.03 1.02 1.00 1.02 1.05 1.19 1.22 1.22 1.09 0.98
