compareData/construction.asc
nCols	220
nRows	174
xllCorner	-88.68333
yllCorner	37.64167
cellSize	8.333334E-03
NODATA_value	-9999
[rows 38 to 75 of 174, columns 84 to 167 of 220]
1.04 1.06 1.09 1.03 1.01 1.00 1.00 1.00 1.00 1.00 1.00 1.00 1.00 1.00 1.02 1.03 1.03 1.02 1.00 1.02 1.14 1.16 0.95 0.98 0.97 0.98 1.02 1.13 1.02 1.00 1.00 1.02 1.17 1.13 1.20 0.92 0.86 1.00 1.00 1.11 1.66 4.13 1.61 0.74 0.98 1.00 1.00 0.91 1.00 1.00 1.00 1.00 1.00 1.00 1.00 0.95 1.14 1.17 1.18 1.09 1.23 1.09 1.18 1.05 1.02 1.00 1.03 1.10 1.12 1.13 1.25 1.25 1.21 1.04 0.95 1.02 0.95 1.01 1.01 0.97 0.84 0.84 0.98 0.84
1.15 1.20 1.08 1.01 1.00 1.00 1.00 1.00 1.00 1.00 1.00 1.00 1.00 1.00 1.02 1.15 1.15 1.03 1.01 1.02 1.05 1.08 1.07 0.87 0.86 1.00 1.04 1.02 1.02 1.00 1.00 1.02 1.05 1.13 1.22 1.20 0.91 1.02 1.00 1.31 3.80 3.69 1.38 0.80 0.80 0.91 1.00 0.91 1.00 1.00 1.00 1.00 1.00 1.00 1.00 0.95 1.03 1.06 1.18 1.24 1.20 0.98 1.05 1.02 1.00 1.00 1.03 1.22 1.13 1.11 1.16 1.15 0.99 0.94 1.06 1.18 1.10 1.06 1.01 0.99 0.98 0.98 0.98 0.88
1.04 1.04 1.03 1.01 1.00 1.00 1.00 1.00 1.00 1.00 1.00 1.00 1.00 1.00 1.02 1.05 1.11 1.10 1.08 1.03 1.03 1.16 1.04 0.88 0.86 1.12 1.01 1.00 1.00 1.00 1.00 1.00 1.02 0.98 1.20 1.11 1.07 1.03 1.00 1.31 1.38 1.63 1.05 0.75 0.75 0.81 1.00 0.88 0.84 0.91 1.00 1.00 1.00 1.00 1.00 0.91 1.31 1.64 1.67 1.38 0.97 1.06 1.03 1.02 1.00 1.00 1.02 0.92 0.98 1.14 1.24 1.06 1.02 1.02 1.05 1.16 1.04 1.01 1.01 1.01 1.06 1.03 1.02 0.92
0.88 0.94 1.00 1.00 1.00 1.00 1.00 1.00 1.00 1.00 1.00 1.00 1.00 1.00 1.01 1.09 1.13 1.15 1.14 1.13 1.12 1.08 0.85 0.80 0.80 0.84 0.99 1.00 1.00 1.00 1.00 1.00 1.00 0.92 1.06 1.03 1.22 1.06 1.02 1.00 0.94 1.00 0.84 0.78 0.81 0.88 0.88 0.91 1.00 0.91 0.91 0.94 0.94 0.94 0.88 0.91 1.33 3.85 3.86 1.40 0.98 1.04 1.14 1.02 1.00 0.91 0.88 0.91 1.02 1.09 1.08 1.03 1.00 1.00 1.02 1.02 1.02 1.00 1.00 1.01 1.06 1.08 1.08 0.98
1.00 0.84 1.00 1.00 1.00 1.00 1.00 1.00 1.00 1.00 1.00 1.00 1.00 1.00 1.02 1.10 1.26 1.28 1.29 1.25 1.20 0.96 0.70 0.76 0.75 0.78 0.92 0.97 0.97 0.97 0.95 0.97 0.98 0.83 0.78 0.92 0.95 1.02 1.05 1.03 0.89 1.02 0.81 0.78 1.00 1.00 1.00 1.00 1.00 1.00 1.00 1.00 1.00 1.00 1.00 0.91 1.36 1.82 1.87 1.42 0.92 1.02 1.02 0.92 0.88 0.91 1.00 1.00 1.01 1.01 1.01 1.01 1.00 1.00 1.00 1.00 1.00 1.00 1.00 1.01 1.03 1.04 1.08 0.98
0.88 0.88 0.88 0.94 0.94 0.94 0.94 0.94 0.94 0.94 0.94 0.94 0.94 0.91 0.89 0.92 0.98 1.11 1.08 1.03 0.79 0.75 0.73 0.71 0.70 0.72 0.73 0.75 0.82 0.70 0.69 0.71 0.80 0.80 0.67 0.68 0.73 0.98 1.00 0.86 0.93 0.80 0.78 0.78 0.81 0.84 0.84 0.84 0.88 1.00 1.00 1.00 1.01 1.01 1.02 0.95 1.12 1.28 1.28 0.94 0.85 1.00 0.88 0.88 1.00 1.00 1.00 1.00 1.00 1.00 1.00 1.00 1.00 1.00 1.00 1.00 1.00 1.00 1.00 1.01 1.06 1.08 0.91 0.95
1.03 0.90 1.02 1.00 1.00 1.00 1.00 1.00 1.00 1.00 1.00 1.00 1.00 0.98 0.84 0.82 0.96 1.07 1.07 0.87 0.82 0.92 1.11 0.83 0.77 0.75 0.75 0.80 0.72 0.62 0.61 0.71 0.74 0.76 0.92 0.68 0.88 1.17 1.04 0.89 0.93 0.80 0.75 0.75 0.75 0.75 0.75 0.75 0.78 0.84 1.00 1.01 1.02 1.09 1.11 1.00 1.07 1.23 1.18 0.88 0.81 0.84 0.91 1.00 1.00 1.00 1.00 1.00 1.00 1.00 1.00 1.00 1.00 1.00 1.00 1.00 1.00 1.00 1.00 1.01 1.02 0.94 0.94 1.07
1.16 1.01 1.02 1.00 1.00 1.00 1.00 1.00 1.00 1.00 1.00 1.00 1.00 0.98 0.74 1.00 1.11 1.24 1.07 1.02 1.03 0.96 0.96 0.86 0.69 0.66 0.64 0.66 0.74 0.73 0.73 0.74 0.75 0.76 0.64 0.73 1.13 1.20 1.08 1.05 1.02 0.89 0.84 0.84 0.84 0.81 0.78 0.75 0.75 0.81 0.84 0.92 0.99 1.03 1.08 1.05 1.06 0.96 1.04 0.84 0.82 1.00 1.00 1.00 1.00 1.00 1.00 1.00 1.00 1.00 1.00 1.00 1.00 1.00 1.00 1.00 1.00 1.00 1.00 1.00 0.91 0.89 1.03 1.03
1.06 0.95 0.92 0.94 0.91 0.88 0.84 0.84 0.84 0.84 0.84 0.84 0.88 0.83 0.84 0.82 0.92 0.88 0.87 0.84 0.82 0.82 0.89 0.89 0.86 0.63 0.64 0.77 0.83 0.84 0.84 0.84 0.81 0.76 0.63 0.76 1.19 1.23 1.19 1.03 1.00 1.00 1.00 1.00 1.00 1.00 0.88 0.84 0.81 0.81 1.00 0.82 1.09 1.27 1.04 0.99 0.83 0.83 0.78 0.87 0.86 1.02 1.00 1.00 1.00 1.00 1.00 1.00 1.00 1.00 1.00 1.00 1.00 1.00 1.00 1.00 1.00 1.00 1.00 1.00 0.91 1.01 1.05 1.01
1.05 1.02 1.00 1.00 1.02 0.89 0.86 0.84 0.84 0.84 0.84 0.84 0.88 1.00 0.85 0.87 0.90 0.85 0.84 0.84 0.84 0.86 0.88 1.01 1.02 0.95 0.77 1.00 1.02 1.00 1.00 1.00 1.00 0.80 0.74 0.97 1.21 1.26 1.23 1.08 1.05 1.03 1.02 1.00 1.00 1.00 1.00 1.00 1.00 0.91 0.88 0.88 0.91 1.12 0.99 0.69 0.82 0.62 0.61 0.66 0.96 1.00 1.00 1.00 1.00 1.00 1.00 1.00 1.00 1.00 1.00 1.00 1.00 1.00 1.00 1.00 1.00 1.00 1.00 1.00 0.91 1.01 1.01 1.01
1.05 1.02 1.02 1.03 1.05 1.17 1.05 1.02 1.00 1.00 1.00 1.00 1.00 1.00 0.93 1.08 1.03 1.01 1.00 1.00 1.00 1.00 1.02 1.05 1.19 1.17 1.05 1.13 1.02 1.00 1.00 1.00 1.00 0.84 0.76 0.89 1.19 1.26 1.24 1.18 1.16 1.14 1.02 1.00 1.00 1.00 1.00 1.00 1.00 1.00 1.00 1.00 0.88 0.82 0.76 0.63 0.59 0.59 0.57 0.66 0.85 1.00 1.00 1.00 1.00 1.00 1.00 1.00 1.01 1.01 1.01 1.01 1.00 1.00 1.00 1.00 1.00 1.00 1.00 0.88 0.91 1.00 1.00 1.00
1.05 1.03 1.16 1.08 1.20 1.20 1.17 1.02 1.00 1.00 1.00 1.00 1.00 1.00 0.96 1.13 1.02 1.00 1.00 1.00 1.00 1.00 1.00 1.02 1.03 1.05 0.98 1.03 1.02 1.00 1.00 1.00 1.00 0.81 0.75 0.86 1.04 1.06 1.06 1.05 1.05 1.03 1.02 1.00 1.00 1.00 1.00 1.00 1.00 1.00 1.00 1.00 0.98 0.75 0.60 0.57 0.56 0.56 0.59 0.66 0.82 0.89 1.00 1.00 1.00 0.91 0.91 0.94 0.94 1.00 1.00 0.95 0.94 0.91 0.91 1.00 1.00 1.00 0.84 0.84 1.00 1.00 1.00 1.00
1.08 1.06 1.19 1.22 1.23 1.22 1.08 1.03 1.02 1.00 1.00 1.00 1.00 1.00 0.95 1.02 1.02 1.00 1.00 1.00 1.00 1.00 1.00 1.00 1.00 1.00 0.94 1.00 1.00 0.98 0.97 0.98 0.87 0.79 0.75 0.84 1.00 1.00 1.00 1.00 1.00 1.00 1.00 1.00 1.00 1.00 1.00 1.00 1.00 1.00 1.00 1.00 0.82 0.64 0.57 0.56 0.57 0.58 0.61 0.84 1.00 0.88 0.91 0.94 0.91 0.91 1.00 1.00 1.01 1.03 1.08 1.08 1.01 1.00 0.91 0.91 0.91 0.88 0.81 0.84 1.00 1.00 1.00 1.00
1.19 1.17 1.09 1.22 1.22 1.17 1.05 1.13 1.03 1.03 1.05 1.03 1.02 1.00 0.95 1.03 1.03 1.02 1.01 1.01 1.01 1.00 1.00 1.00 1.00 1.00 0.94 1.00 1.01 0.98 0.83 0.83 0.91 0.75 0.75 0.84 1.00 1.00 1.00 1.00 1.00 1.00 1.00 1.00 1.00 1.00 1.00 1.00 1.00 1.00 1.00 0.88 0.82 0.66 0.61 0.59 0.61 0.69 0.80 0.84 0.86 1.00 1.00 1.00 1.00 1.00 1.00 1.00 1.00 1.01 1.07 1.07 1.01 1.02 1.03 1.04 1.02 0.85 1.00 0.88 0.84 0.88 1.00 1.00
1.08 1.06 1.20 1.22 1.09 1.05 1.03 1.02 1.03 1.14 1.17 1.16 1.03 1.02 0.98 1.17 1.17 1.05 1.04 1.07 1.01 1.00 1.00 1.00 1.00 1.00 0.94 1.00 1.01 1.03 0.84 0.83 0.69 0.75 0.75 0.84 1.00 1.00 1.00 1.00 1.00 1.00 1.31 1.31 1.31 1.00 1.00 1.00 1.00 1.00 0.91 0.88 0.98 0.95 0.70 0.74 0.80 0.85 1.00 1.00 0.91 0.88 0.91 1.00 1.00 1.00 1.00 1.00 1.00 1.01 1.01 1.01 1.01 1.02 1.14 1.15 0.91 0.88 1.00 1.00 0.81 0.84 0.88 0.91
1.03 1.03 1.19 1.20 1.17 1.02 1.00 1.00 1.02 1.03 1.06 1.16 1.03 1.02 1.09 1.17 1.06 1.16 1.15 1.02 1.01 1.00 1.02 1.02 1.02 1.00 0.94 1.00 1.01 1.05 0.99 0.81 0.79 0.77 0.78 0.84 1.00 1.00 1.00 1.00 1.00 1.00 1.31 3.50 1.31 1.00 1.00 1.00 1.00 1.00 0.88 1.00 1.00 0.98 0.86 1.00 0.88 0.94 1.02 1.00 1.00 1.00 0.91 0.91 0.91 0.91 1.00 1.00 1.00 1.00 1.00 1.00 1.00 1.02 1.03 0.95 0.88 0.86 1.00 0.88 0.88 1.00 1.00 0.88
1.02 1.02 1.05 1.19 1.08 1.05 1.02 1.00 1.00 1.00 1.02 1.02 1.02 1.02 0.96 1.03 1.03 1.03 1.03 1.02 1.00 1.00 1.02 1.14 1.03 1.02 0.94 1.00 1.01 1.01 0.96 0.82 0.84 1.00 0.81 0.84 1.00 1.00 1.00 1.00 1.00 1.00 1.31 1.31 1.31 1.00 1.00 1.00 1.00 0.88 0.91 1.00 1.00 1.00 0.91 0.85 0.97 1.07 1.01 1.00 1.00 1.00 1.01 1.01 1.01 0.91 0.88 0.91 1.00 1.00 1.00 1.00 1.00 1.00 1.00 0.86 1.07 0.86 0.85 0.91 1.00 1.00 1.00 1.00
1.01 1.00 1.02 1.04 1.16 1.15 1.02 1.00 1.00 1.02 1.03 1.03 1.02 1.00 0.94 1.00 1.00 1.00 1.00 1.00 1.00 1.00 1.02 1.03 1.14 1.02 0.94 1.00 1.00 1.01 0.85 1.01 0.88 1.00 0.84 0.84 1.00 1.00 1.00 1.00 1.00 1.02 1.03 1.03 1.02 1.00 1.00 1.00 0.91 0.88 1.00 1.00 1.00 1.00 0.88 1.01 1.01 1.01 1.01 1.00 1.00 1.00 1.01 1.06 1.01 1.01 1.00 0.85 0.85 1.01 1.00 1.00 1.00 1.00 0.84 0.82 0.88 0.95 1.02 1.00 1.00 1.00 1.00 0.88
1.03 1.00 1.00 1.03 1.09 1.04 1.02 1.00 1.00 1.02 1.14 1.14 1.02 1.00 0.94 1.00 1.00 1.00 1.00 1.00 1.00 1.00 1.00 1.02 1.02 1.02 0.94 1.00 1.00 0.88 0.81 0.78 0.84 1.00 0.81 0.81 1.00 1.00 1.00 1.00 1.00 1.03 1.17 1.19 1.05 1.02 1.00 1.00 0.88 1.00 1.00 1.00 1.00 0.91 0.91 1.01 1.01 1.01 1.00 1.00 1.00 1.00 1.01 1.01 1.06 1.02 1.02 0.92 0.93 0.91 0.91 0.88 0.84 0.81 0.78 0.75 0.85 1.17 1.05 1.02 1.00 1.00 0.88 0.88
1.03 1.00 1.00 1.01 1.06 1.01 1.00 1.00 1.00 1.02 1.03 1.03 1.02 1.00 0.94 1.02 1.03 1.05 1.03 1.02 1.00 1.00 1.00 1.00 1.00 1.00 0.94 1.00 1.00 0.88 0.81 0.84 0.88 0.84 0.84 0.81 0.88 1.00 1.00 1.00 1.00 1.05 1.20 1.22 1.17 1.02 1.00 0.88 0.91 1.00 1.00 1.00 1.00 0.91 1.00 1.01 1.05 1.01 1.00 1.00 1.00 1.00 1.00 1.01 1.01 1.07 1.07 1.07 1.01 1.01 1.00 0.78 0.75 0.75 0.75 0.75 0.84 1.16 1.05 0.92 0.94 0.91 0.91 1.00
1.02 1.00 1.00 1.01 1.01 1.01 1.00 1.00 1.00 1.00 1.00 1.00 1.00 1.00 0.88 1.04 1.18 1.19 1.16 1.02 1.01 1.00 1.00 1.00 1.00 1.00 0.94 1.00 1.00 0.88 1.00 1.00 1.00 1.00 0.88 1.00 0.91 0.88 0.86 0.86 0.98 1.03 1.17 1.19 1.05 1.02 0.88 0.88 1.00 1.00 1.00 1.00 1.00 0.94 1.00 1.01 1.01 1.01 1.00 1.00 1.00 1.00 1.00 1.00 1.01 1.02 1.07 1.02 1.01 1.00 0.84 0.81 0.81 0.84 0.84 0.81 0.83 0.84 0.90 1.02 1.00 1.00 1.00 1.00
0.92 0.94 0.94 0.94 0.94 0.94 0.94 0.94 0.94 0.94 0.94 0.94 0.95 0.91 0.93 1.00 1.14 1.14 0.99 1.01 0.94 0.91 0.91 1.00 1.00 1.00 0.88 1.00 1.00 0.84 0.84 1.00 1.00 1.00 0.88 1.00 1.00 1.00 0.77 0.68 0.81 0.90 1.05 1.03 1.02 0.88 0.88 1.00 1.00 1.00 1.00 1.00 1.00 0.94 1.00 1.00 1.00 1.00 1.00 1.00 1.00 1.00 1.01 1.01 1.01 1.01 1.01 1.01 1.00 0.84 0.81 0.84 1.00 1.00 1.00 1.00 0.84 0.81 1.01 1.01 1.01 1.01 1.00 1.00
1.02 1.00 1.00 1.00 1.00 1.00 1.00 1.00 1.00 1.00 1.00 1.00 1.02 1.15 1.08 1.25 1.19 1.05 1.07 1.03 1.02 1.02 0.91 0.91 0.94 0.88 0.88 0.88 0.88 0.84 0.84 0.91 0.94 0.88 0.88 0.88 0.94 0.91 0.86 0.83 0.84 0.95 0.89 0.91 0.91 0.91 1.00 1.00 1.00 1.00 1.00 1.00 1.00 0.94 1.01 1.01 1.01 1.00 1.00 1.00 1.00 1.00 1.01 1.05 1.01 1.00 1.00 1.00 0.88 0.81 0.84 1.00 1.00 1.00 1.02 1.02 1.02 0.86 0.91 1.12 1.10 1.03 1.00 1.00
1.02 1.00 1.02 1.02 1.02 1.00 1.00 1.00 1.00 1.00 1.00 1.00 1.02 1.04 1.04 1.13 1.06 1.04 1.01 1.03 1.14 1.03 1.01 1.00 1.00 1.00 0.88 1.00 1.00 0.84 1.00 1.00 1.00 1.00 0.88 1.00 1.00 1.00 1.00 1.00 1.02 1.02 0.86 1.00 1.00 1.00 1.00 1.00 1.00 1.00 1.00 1.00 1.00 0.94 1.02 1.06 1.01 1.00 1.00 1.00 1.00 1.00 1.01 1.01 1.01 1.00 1.00 1.00 0.84 0.84 1.00 1.00 1.00 1.00 1.03 1.14 1.03 0.89 0.99 1.25 1.25 1.05 1.02 1.00
1.00 1.00 1.02 1.13 1.02 1.00 1.00 1.00 1.00 1.00 1.00 1.00 1.00 1.01 0.95 1.03 1.13 1.03 1.02 1.04 1.08 1.08 1.01 1.00 1.00 1.00 0.91 1.00 0.88 0.91 1.00 1.00 1.00 1.00 0.94 1.00 1.00 1.00 1.00 1.00 1.00 0.91 0.91 1.00 1.00 1.00 1.00 1.00 1.00 1.00 1.00 1.00 1.00 0.94 1.07 1.07 1.02 1.00 1.00 1.00 1.00 1.00 1.00 1.00 1.00 1.00 0.88 0.85 0.88 1.00 1.00 1.00 1.00 1.00 1.03 1.14 1.03 1.02 0.92 1.05 1.13 1.17 1.03 1.02
1.00 1.00 1.02 1.02 1.02 1.00 1.00 1.00 1.00 1.00 1.00 1.00 1.00 1.00 0.94 1.02 1.02 1.03 1.13 1.04 1.04 1.08 1.02 1.00 1.00 1.00 0.84 0.81 0.88 1.00 1.00 1.00 1.00 1.00 0.94 1.00 1.00 1.02 1.02 1.02 1.00 1.00 0.91 1.00 1.00 1.00 1.00 1.00 1.00 1.00 1.00 1.00 1.00 0.94 1.02 1.06 1.01 1.00 1.00 1.00 1.00 1.00 0.91 0.91 0.91 0.85 0.82 0.89 1.01 1.00 1.00 1.00 1.02 1.03 1.05 1.03 1.02 1.00 1.03 0.94 0.92 0.94 1.14 1.02
1.00 1.00 1.00 1.00 1.00 1.00 1.00 1.00 1.00 1.00 1.00 1.00 1.00 1.00 0.88 1.00 1.00 0.93 0.93 0.98 1.08 1.01 0.95 0.94 0.94 0.88 0.81 0.81 1.00 1.00 1.00 1.00 1.00 1.00 0.91 1.00 1.00 1.02 1.13 1.02 1.00 1.00 0.94 1.00 1.00 1.00 1.00 1.00 1.00 1.00 1.00 1.00 1.00 0.94 1.01 1.01 1.01 1.00 1.00 1.00 1.00 0.88 0.84 1.00 1.01 0.85 0.85 1.01 1.01 1.00 1.00 1.00 1.02 1.16 1.17 1.07 1.04 1.05 1.05 1.14 1.02 0.92 0.89 0.95
1.00 1.00 1.00 1.00 1.00 1.00 1.02 1.02 1.02 0.94 0.91 0.94 0.94 0.91 0.91 0.92 0.92 0.93 1.07 1.09 1.09 1.08 1.01 1.00 1.00 1.00 0.84 0.88 1.00 1.00 1.00 1.00 1.00 0.88 0.91 1.01 1.03 1.05 1.04 1.02 1.00 1.00 0.94 1.00 1.00 1.00 1.00 1.00 1.00 1.00 1.00 1.00 1.00 0.94 1.01 1.01 1.01 1.00 1.00 0.91 0.88 0.88 1.00 0.88 0.88 0.91 1.01 1.00 1.00 1.00 1.00 1.00 1.02 1.05 1.21 1.12 1.23 1.21 1.22 1.08 1.06 1.05 1.03 0.92
1.00 1.00 1.00 1.00 1.00 1.00 1.02 1.13 1.02 0.88 1.00 1.00 1.02 1.02 1.04 1.05 1.18 1.07 1.10 1.09 1.03 1.01 1.01 1.00 1.00 1.00 0.88 1.00 1.00 1.00 1.00 1.00 0.91 0.88 1.01 1.06 1.10 1.23 1.12 1.03 1.00 1.00 0.94 1.00 1.00 1.00 1.00 1.00 1.00 1.00 1.00 1.00 1.00 0.94 1.02 1.00 0.92 0.94 0.91 0.91 1.00 1.02 0.89 0.89 1.00 1.00 1.00 1.00 1.00 1.00 1.00 1.00 1.00 1.02 1.03 1.06 1.12 1.27 1.26 1.21 1.21 1.22 1.19 0.94
0.94 0.94 0.94 0.94 0.94 0.94 0.95 0.92 0.89 0.91 1.00 1.00 1.02 1.15 1.08 1.27 1.23 1.21 1.11 1.08 1.02 1.00 1.00 1.00 1.00 0.88 0.84 1.00 1.00 1.00 1.00 1.00 0.88 1.00 1.01 1.01 1.08 1.28 1.27 1.05 1.00 1.00 0.94 1.00 1.00 1.00 1.00 1.00 1.00 1.00 1.00 1.00 1.00 0.89 1.08 0.94 1.02 1.01 1.01 1.01 1.02 1.05 1.01 1.03 1.00 1.00 1.00 1.00 1.00 1.00 1.00 1.00 1.00 1.00 1.00 1.01 1.03 1.11 1.12 1.14 1.26 1.28 1.13 0.98
1.00 1.00 1.00 1.02 1.02 1.02 1.00 1.00 0.88 1.00 1.00 1.00 1.02 1.06 1.28 1.31 1.28 1.23 1.13 1.08 1.01 1.00 1.00 1.00 1.00 0.81 0.81 0.88 0.94 0.91 0.88 0.84 0.91 1.00 1.00 1.02 1.09 1.28 1.26 1.04 1.00 1.00 0.94 1.00 1.00 1.00 1.00 1.00 1.00 1.00 1.00 0.91 0.88 0.92 0.94 1.01 1.03 1.01 1.05 1.01 1.02 1.07 1.08 1.07 1.01 1.02 0.98 1.02 1.00 1.00 1.00 1.00 1.00 1.00 1.00 1.00 1.01 1.01 1.02 1.04 1.11 1.12 1.06 0.93
1.00 1.00 1.00 1.02 1.13 1.02 1.00 1.00 0.94 1.00 1.00 1.00 1.00 1.05 1.25 1.29 1.23 1.24 1.10 1.02 1.01 1.00 1.00 1.00 0.88 0.81 0.84 1.00 1.00 1.00 0.81 0.84 1.00 1.01 1.03 1.07 1.58 1.58 1.38 1.02 1.00 1.00 0.94 1.00 1.00 1.00 1.00 1.02 1.02 1.02 0.91 0.88 1.00 1.01 1.02 1.07 1.06 1.01 1.01 1.01 1.04 0.98 1.24 1.10 1.08 1.05 1.08 1.02 1.00 1.02 1.03 1.03 1.02 1.00 1.00 1.00 1.00 1.00 1.00 1.01 1.01 1.01 1.02 0.95
1.00 1.00 1.00 1.02 1.02 1.02 1.00 1.00 0.94 1.00 1.00 1.00 1.00 1.03 1.10 1.12 1.12 1.05 1.03 1.01 1.00 1.00 1.00 0.91 0.88 1.00 0.91 1.00 1.00 0.91 0.88 1.00 1.00 1.01 1.07 1.23 1.56 3.62 1.34 1.00 1.00 1.00 0.94 1.00 1.00 1.00 1.00 1.02 1.13 1.02 0.91 1.00 1.00 1.01 1.02 1.03 1.03 1.04 1.05 1.07 0.93 1.11 1.06 1.06 1.10 1.22 0.97 1.02 1.00 1.02 1.14 1.14 1.02 1.00 1.00 1.01 1.01 1.02 1.02 1.02 1.01 1.01 1.02 1.01
1.00 1.00 1.00 1.00 1.00 1.00 1.01 1.01 0.94 1.00 1.00 1.00 1.00 1.01 1.02 1.03 1.02 1.01 1.00 1.00 1.00 1.00 1.00 0.88 1.00 1.00 0.94 1.00 1.00 0.88 1.00 1.00 1.00 1.01 1.03 1.05 1.36 1.34 1.32 1.00 1.00 1.00 0.94 1.00 1.00 1.00 1.00 1.02 1.02 1.02 0.94 1.00 1.01 1.03 1.09 1.11 1.11 1.14 1.27 1.15 1.08 1.05 1.02 1.02 1.15 1.04 0.90 1.00 1.00 1.02 1.03 1.03 0.92 0.91 0.94 0.94 1.00 1.02 1.04 1.04 0.99 0.92 1.02 0.83
1.00 1.00 1.00 1.02 1.02 1.02 1.01 1.06 0.95 1.00 1.00 1.00 1.00 1.00 1.01 1.06 1.01 1.00 1.00 1.00 1.00 1.00 0.88 0.88 1.00 1.00 0.91 1.00 0.88 0.91 1.00 1.00 1.00 1.00 1.00 1.00 1.00 1.00 1.00 1.00 1.00 1.00 0.91 1.00 1.00 1.00 1.00 1.00 1.00 1.00 0.88 1.00 0.91 0.94 1.09 1.12 1.25 1.30 1.33 1.11 1.15 1.05 0.92 0.90 0.90 0.86 0.88 0.91 0.91 0.88 0.88 0.88 0.91 1.00 1.00 1.01 1.02 1.09 1.22 1.22 1.09 0.93 0.82 0.79
1.00 1.00 1.00 1.02 1.13 1.02 1.01 1.06 0.89 1.00 1.00 1.00 1.00 1.00 1.01 1.06 1.01 1.00 1.00 1.00 1.00 1.00 0.88 0.88 1.00 1.00 0.88 0.81 0.88 1.00 1.00 1.00 1.00 1.00 1.00 1.00 1.00 1.00 1.00 1.00 1.00 1.00 0.91 0.91 1.00 1.00 1.00 1.00 1.00 0.88 0.84 0.84 0.91 1.04 0.93 0.96 1.18 1.32 1.13 1.06 0.97 0.97 0.99 1.07 0.89 0.89 1.02 1.02 1.00 0.84 0.84 1.00 1.00 1.00 1.00 1.00 1.01 1.03 1.05 1.05 1.03 1.01 0.85 0.83
1.00 1.00 1.00 1.02 1.02 1.02 0.94 0.85 0.88 0.88 0.94 0.94 0.94 0.94 0.94 0.96 0.96 0.95 0.91 0.91 1.00 1.00 0.88 1.00 1.00 1.00 0.88 0.84 1.00 1.00 1.00 1.00 1.00 1.00 1.00 1.00 1.00 1.00 1.00 1.00 1.00 1.00 1.00 0.91 1.00 1.00 1.00 1.01 1.01 0.88 0.84 1.00 1.00 1.02 1.14 1.05 1.05 1.11 1.06 1.05 1.09 1.21 1.13 1.10 1.03 1.03 1.14 1.02 1.00 0.89 1.03 1.03 1.02 1.02 1.03 1.05 1.05 1.03 1.02 1.00 1.00 1.00 0.91 1.00
1.01 1.01 1.01 1.00 1.00 1.00 0.91 1.00 0.88 1.00 1.00 1.00 1.00 1.00 1.00 1.02 1.13 1.02 1.00 0.88 0.84 0.84 0.91 1.00 1.00 1.00 0.88 1.00 1.00 1.00 1.00 1.00 1.00 1.00 1.00 1.02 1.03 1.05 1.05 1.05 1.03 1.02 1.00 0.91 1.00 1.01 1.03 1.06 1.10 0.94 1.01 1.00 1.00 1.02 1.03 1.05 1.06 0.93 1.14 1.27 1.25 1.25 1.22 1.03 1.02 1.08 1.05 0.99 0.91 0.97 1.17 1.17 1.03 1.02 1.14 1.16 1.16 1.14 1.02 1.00 1.00 1.00 0.94 1.00
