compareData/construction.asc
nCols	220
nRows	174
xllCorner	-88.68333
yllCorner	37.64167
cellSize	8.333334E-03
NODATA_value	-9999
[rows 114 to 151 of 174, columns 84 to 167 of 220]
0.88 1.02 0.94 0.93 1.07 1.17 1.03 1.02 0.83 0.82 0.89 1.28 1.26 0.84 0.84 1.01 1.01 1.00 1.00 1.00 1.01 1.01 1.01 0.94 1.00 1.00 1.00 1.00 0.88 1.00 1.01 1.01 1.01 0.94 1.00 1.00 1.00 1.00 0.88 1.00 1.00 1.00 1.00 1.00 1.00 1.00 1.00 0.91 0.84 0.81 0.75 0.78 1.00 1.00 1.00 1.01 1.02 1.09 1.11 1.06 0.81 0.82 1.01 1.02 1.07 1.04 1.07 1.11 1.25 1.23 1.08 1.11 1.13 1.21 1.18 1.04 1.00 1.00 1.02 1.03 1.08 1.20 1.19 0.97
1.02 1.03 1.16 1.21 1.07 0.90 0.91 0.98 0.92 0.89 1.07 1.10 0.93 0.87 0.85 0.91 0.94 0.95 0.92 0.92 1.01 1.06 1.06 0.92 1.00 1.00 1.00 0.88 0.91 1.02 1.02 1.07 1.01 0.94 1.01 1.01 1.01 1.00 0.91 0.91 1.00 1.00 1.00 1.00 1.00 1.00 1.00 1.00 1.00 0.81 0.78 0.84 0.88 0.94 0.94 0.92 0.94 1.06 1.04 0.85 0.81 0.88 1.01 1.09 1.12 1.15 1.27 1.30 1.30 1.22 1.07 1.10 1.25 1.28 1.24 1.04 1.00 1.00 1.00 1.00 1.05 1.20 1.20 0.95
1.13 1.03 1.07 1.24 1.30 1.08 1.24 1.25 1.01 0.98 1.18 1.05 1.02 0.88 1.05 1.01 1.00 1.02 1.13 0.92 0.91 0.92 0.90 0.89 1.00 1.00 0.88 0.88 1.00 1.02 1.14 1.04 1.03 0.93 1.08 1.08 1.02 1.01 1.00 0.88 1.00 1.00 1.00 1.01 1.01 1.01 1.01 1.00 0.91 0.88 1.00 0.88 1.02 1.03 1.05 1.06 1.07 1.07 0.91 0.79 0.78 1.01 1.04 1.13 1.29 1.32 1.33 1.33 1.31 1.21 1.06 1.08 1.11 1.13 1.10 1.04 1.03 1.05 1.05 1.05 1.08 1.20 1.19 0.94
1.02 1.33 1.38 1.60 1.32 1.18 1.10 1.10 1.00 0.90 1.03 1.02 1.00 0.91 1.01 1.01 1.00 1.02 1.02 1.02 1.00 1.01 0.85 0.85 1.00 0.84 0.82 1.01 1.01 1.03 1.08 1.10 1.08 0.91 0.88 0.91 0.93 1.01 1.00 0.84 0.84 1.00 1.00 1.01 1.07 1.07 1.02 1.00 0.91 1.02 1.03 0.98 1.06 1.19 1.19 1.20 1.20 1.12 0.81 0.75 0.78 0.88 1.08 1.26 1.32 1.35 1.33 1.23 1.17 1.21 1.07 1.03 1.02 1.02 1.01 1.04 1.17 1.20 1.20 1.20 1.20 1.19 1.05 1.03
1.00 1.33 3.63 1.61 1.31 1.10 0.93 1.03 0.86 0.86 1.00 1.00 0.91 0.91 1.00 1.00 1.00 1.00 1.00 1.00 1.00 1.00 1.00 0.84 0.81 0.84 0.88 0.95 0.95 0.96 1.02 1.03 0.99 0.91 0.81 0.81 0.91 0.93 0.92 0.85 0.85 0.89 0.97 0.94 0.96 1.14 1.02 1.00 0.88 1.03 1.17 1.05 1.22 1.23 1.25 1.16 1.12 0.88 0.79 0.75 0.75 0.85 1.04 1.13 1.29 1.30 1.27 1.12 1.12 1.20 1.19 1.03 1.00 1.02 1.03 1.06 1.19 1.20 1.22 1.22 1.20 1.05 1.02 1.03
1.00 1.33 1.45 1.65 1.25 1.07 0.95 1.00 0.84 0.84 1.00 1.00 0.91 1.00 1.00 1.00 1.00 1.00 1.00 1.00 1.00 1.00 1.00 0.82 0.79 1.01 1.01 1.01 1.02 1.08 1.09 1.12 1.12 1.06 0.89 0.94 1.06 1.08 1.08 1.05 0.97 1.12 1.14 1.25 0.99 0.92 0.95 0.88 0.92 0.91 1.03 1.06 1.10 1.18 1.12 1.10 0.89 0.80 0.75 0.75 0.75 0.84 1.01 1.08 1.11 1.12 1.06 1.03 1.06 1.21 1.20 1.05 1.00 1.02 1.16 1.17 1.06 1.05 1.06 1.17 1.05 1.02 1.02 1.06
1.00 1.02 1.13 1.29 1.27 1.19 0.98 1.00 0.84 0.84 1.00 1.00 0.94 1.00 1.00 1.00 1.00 1.00 1.00 0.88 0.84 0.84 0.84 0.85 0.89 0.88 1.00 1.00 1.02 1.08 1.10 1.12 1.22 1.16 1.06 1.04 1.02 0.94 1.13 1.21 1.07 1.28 1.30 1.29 1.27 1.08 1.04 1.20 1.06 1.22 0.99 1.02 1.29 1.26 1.24 0.93 0.83 0.77 0.76 0.75 0.75 0.81 1.01 1.01 1.02 1.01 1.01 1.00 1.05 1.20 1.20 1.05 1.00 1.02 1.06 1.17 1.05 1.00 1.02 1.02 1.02 1.02 1.05 1.20
1.01 1.34 1.45 1.60 1.29 1.27 0.97 1.01 0.85 0.88 1.00 1.00 0.94 1.00 1.00 1.00 1.01 1.02 0.92 0.82 0.81 0.81 0.88 1.01 1.01 0.91 0.88 0.91 1.01 1.08 1.09 1.12 1.12 1.06 1.07 1.20 1.08 1.06 1.05 1.01 1.00 1.11 1.29 1.29 1.27 1.26 1.17 1.26 1.17 1.26 1.04 0.95 1.27 1.27 1.23 0.95 0.81 0.92 0.79 0.78 0.78 0.81 0.91 1.00 1.00 1.00 1.00 1.00 1.03 1.19 1.20 1.08 1.03 1.02 1.03 1.14 1.03 1.00 1.00 1.02 1.03 1.06 1.20 1.23
1.03 1.43 3.68 1.63 1.34 1.29 0.99 0.88 1.08 0.90 1.02 1.00 0.94 1.00 1.00 1.00 1.01 1.08 0.97 1.03 0.85 1.00 1.00 1.00 1.00 1.00 1.00 0.88 0.88 1.02 1.08 1.08 1.08 1.08 1.07 1.21 1.23 1.20 1.06 0.89 0.86 1.10 1.33 1.33 1.33 1.33 1.24 1.26 1.17 1.26 1.07 0.89 1.14 1.30 1.15 0.93 1.06 0.86 1.02 0.81 0.81 1.00 0.88 1.00 1.00 1.00 1.00 1.00 1.02 1.06 1.20 1.20 1.16 1.02 1.03 1.05 1.06 1.05 1.03 1.05 1.17 1.22 1.23 1.25
1.14 1.60 1.68 1.65 1.34 1.31 1.22 0.95 1.01 1.06 1.03 1.00 0.91 1.00 0.94 0.91 0.92 0.91 0.89 0.87 0.91 1.00 1.00 1.00 1.00 1.00 1.00 1.00 0.91 0.88 0.92 1.02 1.05 1.11 1.15 1.24 1.24 1.08 1.05 1.05 0.98 1.07 1.34 1.35 1.35 1.33 1.24 1.25 1.13 1.27 1.08 0.91 0.93 1.26 1.05 0.99 0.88 0.90 0.98 0.83 0.81 1.00 0.88 0.91 1.00 1.00 1.00 1.00 1.00 1.05 1.20 1.22 1.06 1.02 1.02 1.14 1.16 1.16 1.14 1.05 1.17 1.20 1.20 1.19
1.31 1.33 1.34 1.34 1.30 1.33 1.24 1.23 1.03 1.21 1.05 0.91 0.88 1.00 0.88 1.00 1.01 0.83 0.83 0.86 1.02 1.03 1.03 1.02 1.00 1.00 1.00 1.00 1.00 1.00 0.88 0.88 1.05 1.25 1.30 1.27 1.28 1.19 1.05 1.17 1.06 1.05 1.31 1.32 1.30 1.28 1.10 1.24 1.10 0.97 1.06 1.10 0.86 0.75 0.95 0.83 0.85 1.00 0.88 0.83 0.81 0.88 1.00 0.88 1.00 1.00 1.00 1.00 1.00 1.05 1.20 1.19 1.02 0.98 1.01 1.04 1.05 1.05 1.03 1.03 1.03 1.05 1.05 1.03
1.31 1.25 1.25 1.31 1.31 1.31 1.27 1.11 1.07 1.05 1.10 0.88 1.00 0.84 0.91 1.00 1.00 0.85 0.85 1.01 1.02 1.14 1.14 1.02 1.00 1.00 1.00 1.00 1.00 1.00 1.00 0.91 0.96 1.19 1.24 1.15 1.16 1.12 1.05 1.16 1.08 0.92 1.07 1.15 1.12 1.06 0.99 1.27 1.03 0.93 0.83 1.08 0.79 0.67 0.70 0.83 0.82 0.80 0.80 0.83 1.00 0.91 1.00 0.91 0.88 1.00 1.00 1.00 1.02 1.05 1.19 1.14 0.87 0.75 0.92 0.93 0.94 0.94 0.91 0.88 0.84 0.88 0.88 0.83
1.16 1.13 1.13 1.14 1.25 1.14 1.11 1.13 1.00 0.97 1.04 0.85 0.81 0.88 1.00 1.00 0.84 0.84 1.00 1.00 1.02 1.03 1.03 1.02 1.00 1.00 1.00 1.00 1.00 1.00 1.00 1.01 1.06 1.22 1.25 1.23 1.01 0.90 0.94 1.04 0.90 0.92 0.93 0.94 1.02 0.99 0.89 1.03 1.05 0.95 0.99 0.81 0.80 0.65 0.92 0.95 0.77 0.75 0.78 0.87 1.03 0.95 1.00 1.00 0.88 0.88 1.00 1.00 1.02 1.14 1.05 0.88 0.74 0.80 0.94 1.01 1.02 1.03 1.05 0.85 0.84 0.86 1.00 0.78
1.10 1.08 1.08 1.04 1.03 1.03 1.02 1.04 0.98 0.82 0.79 0.81 0.84 1.00 1.00 0.88 0.81 0.88 1.00 1.00 1.00 1.00 1.00 1.00 1.00 1.00 1.00 1.00 1.00 1.00 1.00 1.02 1.10 1.19 1.19 1.10 1.03 1.01 0.95 1.04 0.90 1.00 1.28 0.93 0.88 0.85 0.76 0.97 1.24 0.76 0.93 1.23 0.80 0.68 0.81 0.73 0.70 0.83 0.82 1.00 1.14 0.95 1.00 1.00 1.00 0.88 0.88 1.00 0.92 0.92 0.92 0.84 0.85 1.11 1.12 0.93 0.96 1.11 1.09 1.08 1.16 1.02 0.83 0.84
1.02 1.02 1.01 1.01 1.00 1.00 1.00 1.02 0.89 0.79 0.78 0.84 1.00 1.02 0.90 0.90 1.02 0.91 1.00 1.00 1.00 1.00 1.00 1.00 1.00 1.00 1.00 1.00 1.00 1.00 1.00 1.02 1.15 1.05 1.04 1.02 1.01 1.02 1.12 1.26 1.11 1.07 1.04 1.03 0.99 1.00 0.79 0.86 0.72 0.74 0.92 0.98 0.71 0.66 0.92 0.80 0.69 0.81 0.89 1.02 1.03 0.95 1.00 1.00 1.00 1.00 0.81 0.81 0.88 1.00 1.00 1.00 0.99 1.02 0.82 1.04 1.22 1.23 1.23 1.20 1.05 0.91 0.87 1.06
1.00 1.00 1.00 1.00 1.00 1.00 1.00 1.00 1.00 0.81 0.81 1.00 1.00 0.89 1.00 1.14 1.02 0.94 1.00 1.00 1.00 1.00 1.00 1.00 1.00 1.00 1.00 1.00 1.00 1.00 1.00 1.02 1.02 1.02 1.00 1.00 1.01 1.08 1.13 1.25 1.29 1.13 1.05 1.01 1.04 0.93 0.69 0.60 0.60 0.62 0.83 0.87 0.77 0.83 0.82 0.71 0.71 1.05 0.79 0.97 1.00 0.91 1.00 1.00 0.88 0.81 0.78 0.78 1.00 1.00 1.02 1.03 0.76 0.79 0.86 1.14 1.22 1.23 1.22 1.06 0.92 0.92 1.26 1.19
1.03 1.02 1.00 1.00 1.00 1.00 1.00 1.00 1.00 0.84 0.85 1.01 0.92 0.90 1.05 1.05 1.03 0.92 1.01 1.01 1.00 1.00 1.00 1.00 1.00 1.00 1.00 1.00 1.00 1.00 1.00 1.00 1.02 1.03 1.03 1.02 1.01 1.04 1.20 1.25 1.33 1.34 1.13 1.05 1.00 0.92 0.66 0.59 0.59 0.59 0.61 0.64 0.84 0.90 1.09 0.73 0.97 0.88 0.77 0.92 0.97 0.83 0.84 0.88 0.84 0.81 0.78 0.84 0.83 0.88 0.91 1.00 0.98 0.75 0.89 1.02 1.06 1.19 1.17 1.03 0.91 1.07 1.29 1.26
1.18 1.03 1.00 1.00 1.00 1.00 1.00 1.00 1.00 0.84 0.82 1.05 0.89 1.07 1.09 1.10 1.12 0.96 0.91 0.92 1.00 1.00 1.00 1.00 0.91 0.91 0.94 0.94 0.94 0.94 0.94 0.95 0.98 1.11 1.10 0.96 0.95 1.00 1.11 1.15 1.33 1.34 1.33 1.00 0.94 0.86 0.65 0.76 0.59 0.56 0.56 0.59 0.61 0.69 0.84 0.74 1.13 1.13 0.70 0.64 0.68 0.76 0.78 1.00 1.00 0.88 1.00 0.84 0.97 0.70 0.84 1.14 0.99 1.14 0.98 0.98 1.02 1.03 1.03 1.02 0.91 1.09 1.26 1.23
1.18 1.03 1.00 1.00 1.00 1.00 1.00 1.00 1.00 0.84 0.79 0.79 0.86 1.07 1.10 1.06 1.06 1.13 1.11 0.92 0.91 0.94 0.94 0.91 0.91 1.01 1.02 1.02 1.01 1.01 1.00 1.02 1.16 1.19 1.17 1.03 1.02 1.17 1.23 1.15 1.10 1.07 1.00 0.98 0.85 0.68 0.65 0.59 0.59 0.56 0.56 0.56 0.56 0.59 0.59 0.69 0.92 0.92 0.64 0.56 0.60 0.71 0.78 0.84 1.00 0.88 1.00 0.84 0.76 0.68 0.81 0.73 1.02 1.05 1.02 1.00 1.00 1.00 1.00 0.91 0.91 1.03 1.08 1.16
1.04 1.02 1.00 1.00 1.00 1.00 1.00 1.00 1.00 0.84 0.78 0.81 0.88 0.93 0.95 1.00 1.10 1.24 1.11 1.02 1.00 1.00 1.00 1.00 1.03 1.10 1.11 1.10 1.08 1.03 1.01 1.02 1.03 1.05 1.05 1.05 1.05 1.08 1.23 1.27 1.05 0.88 1.03 0.75 0.89 1.19 1.52 1.27 0.91 0.56 0.56 0.56 0.56 0.56 0.56 0.61 0.80 0.63 0.59 0.56 0.59 0.69 0.71 0.76 0.77 0.81 0.78 0.77 0.72 0.71 0.61 0.73 0.80 1.02 1.00 1.00 1.00 1.00 1.00 0.91 1.00 1.00 1.02 1.11
0.91 0.94 1.01 1.01 1.00 1.00 1.00 1.00 1.00 0.81 0.81 1.00 1.00 1.01 1.06 1.07 1.09 1.09 1.08 1.01 1.00 1.01 1.01 1.01 1.04 1.24 1.27 1.13 1.11 1.10 1.10 1.05 1.05 1.05 1.06 1.19 1.07 0.99 1.14 1.10 1.06 1.31 1.24 0.88 1.08 3.52 4.39 4.06 1.30 0.91 0.56 0.56 0.56 0.56 0.56 0.59 0.59 0.59 0.56 0.56 0.57 0.59 0.60 0.61 0.71 0.77 0.81 0.82 0.73 0.64 0.63 0.64 0.79 0.88 0.98 1.00 1.00 1.00 1.00 0.94 1.00 1.01 1.03 0.95
1.00 0.89 1.06 1.02 1.01 1.00 1.00 1.00 0.84 0.78 0.84 1.00 1.00 1.01 1.01 1.02 1.02 1.02 1.01 1.01 1.00 1.01 1.06 1.03 1.06 1.22 1.24 1.21 1.08 1.20 1.22 1.21 1.20 1.20 1.10 1.08 1.12 1.23 1.23 1.26 1.12 1.13 1.11 0.77 1.18 3.88 2.25 2.23 4.39 1.51 0.81 0.56 0.56 0.56 0.56 0.56 0.56 0.56 0.56 0.56 0.56 0.56 0.56 0.57 0.60 0.75 0.98 1.01 0.89 0.82 0.63 0.83 0.85 0.79 1.02 1.02 1.00 1.00 1.00 0.94 1.01 1.03 1.11 1.19
1.00 0.95 0.94 0.97 1.01 1.00 0.91 0.84 0.80 0.74 0.83 1.00 1.00 1.00 1.00 1.00 1.00 1.00 1.00 1.00 1.00 1.01 1.07 1.08 1.10 1.13 1.25 1.13 1.14 1.23 1.26 1.26 1.25 1.09 1.09 1.25 1.25 1.25 1.13 1.03 1.07 1.32 1.03 0.89 1.27 1.30 1.31 1.63 4.11 3.54 0.83 0.57 0.56 0.56 0.56 0.56 0.56 0.56 0.56 0.56 0.59 0.61 0.63 0.63 0.87 1.14 1.50 1.54 1.32 1.07 0.70 0.72 0.94 1.02 1.17 1.06 1.03 1.02 1.00 0.94 1.02 1.11 1.28 1.20
1.00 1.02 1.08 0.98 0.92 0.91 0.91 1.00 0.79 0.63 0.78 0.98 1.00 1.00 0.91 0.91 0.94 0.94 0.94 0.94 0.94 0.94 0.95 1.01 1.01 1.03 1.03 1.00 0.98 1.10 1.15 1.15 1.12 1.12 1.22 1.22 1.24 1.26 1.15 1.07 1.13 1.01 1.33 1.33 1.30 1.00 1.00 1.31 1.63 1.38 0.98 0.63 0.60 0.56 0.56 0.56 0.56 0.57 0.59 0.60 0.66 0.91 1.28 1.58 1.79 3.99 4.41 4.75 4.37 1.86 1.55 1.82 1.19 1.02 1.23 1.22 1.17 1.03 1.00 0.97 1.11 1.17 1.18 1.16
1.00 1.02 1.08 1.08 1.02 1.00 0.98 0.98 0.76 0.85 1.12 1.27 1.11 0.88 0.91 1.00 1.00 1.00 1.00 1.00 1.00 1.00 1.01 1.01 1.02 1.02 1.02 1.03 0.95 0.97 1.14 1.11 1.24 1.23 1.10 1.09 1.25 1.30 1.30 1.28 1.14 1.10 1.65 3.82 1.63 1.00 1.31 1.31 1.31 0.88 0.80 0.95 0.66 0.65 0.68 0.68 0.68 0.69 0.80 0.81 1.19 1.78 2.13 4.19 4.16 2.27 4.75 5.07 4.75 4.48 3.97 3.89 1.79 1.76 1.45 1.25 0.99 0.90 1.01 0.91 1.24 1.28 1.06 1.28
0.94 0.95 1.01 1.01 0.92 0.91 0.87 0.98 1.28 1.51 3.97 3.99 2.05 1.63 1.31 1.00 1.00 1.00 1.00 1.00 1.00 1.00 1.00 1.00 1.00 1.00 1.00 1.01 1.01 1.03 1.09 1.20 1.24 1.28 1.11 1.20 1.24 1.28 1.15 1.11 1.10 1.38 2.26 4.44 1.94 1.00 1.63 4.13 1.94 1.31 0.91 0.83 0.85 0.95 0.95 0.95 0.95 0.97 0.98 1.31 1.64 4.16 4.16 1.95 1.63 1.63 1.63 1.94 1.94 1.95 1.96 1.97 4.48 4.46 4.35 2.05 1.80 1.50 1.17 0.96 1.02 1.13 1.10 1.07
1.00 1.01 1.06 1.02 1.01 0.84 1.31 1.63 4.03 4.43 2.24 4.75 5.06 4.44 1.56 1.00 1.00 1.00 1.00 1.00 1.00 1.00 1.00 1.00 1.00 1.00 1.00 1.00 1.00 1.02 1.09 1.14 1.25 1.30 1.26 1.23 1.22 1.11 1.04 1.02 1.02 1.33 4.44 4.44 1.94 1.00 1.63 4.14 4.45 1.95 1.63 1.31 0.91 1.00 1.00 1.00 1.00 1.31 1.63 1.94 4.13 1.94 1.63 1.31 1.00 1.00 1.00 1.00 1.00 1.00 1.00 1.31 1.94 4.75 5.06 5.06 5.06 4.73 1.83 1.28 1.15 1.25 1.27 1.08
1.00 1.01 1.01 1.01 1.00 1.11 1.60 4.57 4.75 1.93 1.63 1.94 5.06 5.06 2.16 1.19 1.00 1.00 1.00 1.00 1.00 1.00 1.00 1.00 1.00 1.00 1.00 1.00 1.00 1.01 1.08 1.13 1.29 1.29 1.33 1.29 1.08 1.02 1.01 1.00 1.00 1.31 1.94 4.44 1.94 1.31 1.31 1.64 2.06 4.45 4.13 1.94 1.45 1.94 1.94 1.94 1.94 2.25 4.44 4.44 1.63 1.31 1.00 1.00 1.00 1.00 1.00 1.00 1.00 1.00 1.00 1.00 1.31 1.63 2.25 4.75 5.38 5.36 5.06 2.14 1.57 1.29 1.28 1.19
1.00 1.00 1.00 1.00 1.31 1.63 4.41 4.73 1.80 1.30 1.00 1.31 1.94 4.75 4.44 1.50 0.88 1.00 1.00 1.00 1.00 1.00 1.00 1.00 1.00 1.00 1.00 1.00 1.00 1.01 1.02 1.13 1.59 1.94 2.23 2.18 1.98 1.63 1.31 1.00 1.00 1.00 1.31 1.63 4.13 1.94 1.63 1.33 1.33 1.97 4.16 1.80 3.51 4.16 4.18 4.20 4.20 4.51 4.50 1.98 1.33 1.00 1.00 1.00 1.00 1.00 1.00 1.00 1.00 1.00 1.00 1.00 1.00 1.00 1.31 1.63 2.25 4.75 4.77 4.50 2.18 1.77 1.44 1.04
1.00 1.00 1.00 1.00 1.45 4.42 5.05 2.11 1.28 0.98 1.00 1.00 1.31 1.94 4.44 2.25 1.50 1.19 1.00 1.00 1.00 1.00 1.00 1.00 1.00 1.00 1.00 1.00 1.31 1.63 1.63 1.36 1.54 3.96 4.25 4.18 4.46 4.13 1.63 1.00 1.00 1.00 1.00 1.31 1.63 4.13 4.13 1.63 1.32 1.36 1.51 1.65 1.77 2.08 2.21 2.28 2.28 2.23 1.90 1.52 1.05 1.02 1.00 1.00 1.00 1.00 1.00 1.00 1.00 1.00 1.00 1.00 1.00 1.00 1.00 1.00 1.31 1.63 1.94 1.96 4.15 4.16 1.96 1.56
1.00 1.00 1.00 1.31 2.00 5.06 4.73 1.61 1.23 1.25 1.25 1.00 1.00 1.31 1.63 4.44 4.44 2.05 1.42 1.31 1.00 1.00 1.00 1.00 1.00 1.00 1.00 1.00 1.31 3.81 3.81 1.33 1.34 1.66 1.95 1.94 2.56 4.44 1.94 1.00 1.00 1.00 1.00 1.00 1.31 1.63 2.25 4.44 1.93 1.41 1.11 1.20 1.31 1.28 1.31 1.32 1.33 1.33 1.33 1.28 1.19 1.03 1.02 1.00 1.00 1.00 1.00 1.00 1.00 1.00 1.00 1.00 1.00 1.00 1.00 1.00 1.00 1.00 1.00 1.31 1.63 1.94 4.44 4.44
1.00 1.00 1.00 1.31 3.91 4.44 1.94 1.31 1.50 3.25 1.50 1.00 1.00 1.00 1.31 1.94 4.44 4.75 4.11 1.97 1.48 1.63 1.63 1.94 1.63 1.31 1.00 1.31 1.63 1.94 1.63 1.31 1.00 1.00 1.00 1.31 1.94 4.13 1.63 1.00 1.00 1.00 1.00 1.00 1.00 1.00 1.94 4.76 4.74 1.36 0.99 1.27 1.23 1.23 1.11 1.20 1.15 1.21 1.22 1.20 1.07 1.14 1.02 1.00 1.00 1.01 1.01 1.01 1.00 1.00 1.00 1.00 1.00 1.00 1.00 1.00 1.00 1.00 1.00 1.02 1.03 1.34 1.95 4.44
1.00 1.00 1.00 1.31 1.45 1.94 1.63 1.31 1.75 3.75 2.00 1.25 1.00 1.00 1.00 1.31 1.63 2.25 4.44 4.44 3.59 1.63 3.81 4.13 4.13 1.63 1.31 1.31 3.50 1.31 1.00 1.00 1.00 1.00 1.00 1.63 4.13 1.94 1.31 1.00 1.00 1.00 1.00 1.00 1.00 1.00 1.94 5.08 4.76 1.49 0.70 0.80 1.08 1.08 1.09 1.03 1.04 1.04 1.05 1.03 1.03 1.02 1.02 1.01 1.03 1.06 1.12 1.06 1.03 1.01 1.00 1.00 1.00 1.00 1.00 1.00 1.00 1.00 1.00 1.02 1.14 1.14 1.33 1.63
1.00 1.00 1.00 1.00 0.91 1.22 3.81 1.94 2.38 4.06 3.75 1.25 1.00 1.00 1.00 1.00 1.00 1.31 1.63 1.94 1.63 1.63 1.63 1.94 2.19 4.06 1.56 1.31 1.31 1.31 1.00 1.00 1.00 1.00 1.31 2.25 4.44 1.94 1.00 1.00 1.00 1.00 1.00 1.00 1.00 1.31 2.25 5.06 4.33 1.12 0.67 0.74 0.80 0.89 0.89 0.91 0.96 0.94 0.94 0.92 0.94 0.94 0.94 0.96 1.04 1.19 1.20 1.19 1.04 0.96 0.94 0.91 0.91 1.00 1.00 1.00 0.91 1.00 1.00 1.02 1.03 1.03 1.02 1.00
1.00 1.00 1.00 1.00 1.00 1.19 1.63 4.44 4.94 4.44 2.06 1.25 1.00 1.00 1.00 1.00 1.00 1.00 1.00 1.00 1.00 1.00 1.02 1.27 2.08 4.06 2.06 1.25 1.00 1.00 1.00 1.00 1.00 1.00 1.63 4.44 4.44 1.63 1.00 1.00 1.00 1.00 1.00 1.00 1.00 1.63 4.75 4.83 1.68 0.97 0.95 0.96 0.98 0.77 0.78 1.00 1.02 1.21 0.98 1.03 1.00 1.00 1.00 1.04 1.26 1.31 1.29 1.32 1.28 1.06 1.01 1.00 0.91 0.91 0.94 0.91 0.91 0.91 0.91 0.91 1.00 1.00 1.00 1.00
1.00 1.00 1.00 1.00 0.91 0.91 1.31 1.94 5.00 4.69 1.88 1.00 1.00 1.00 1.00 1.00 1.00 1.00 1.00 1.00 1.00 1.00 1.27 1.88 4.04 4.04 3.57 1.29 1.02 1.00 1.00 1.00 1.00 1.00 1.63 4.44 2.25 1.63 1.00 1.00 1.00 1.00 1.00 1.00 1.31 1.92 4.72 3.83 1.08 0.73 0.83 1.00 0.88 0.84 0.84 0.88 1.02 0.92 1.05 1.03 1.00 1.00 1.02 1.07 1.23 1.26 1.28 1.33 1.30 1.12 1.01 1.00 1.00 1.00 1.00 1.00 1.00 1.00 1.00 0.88 0.88 1.00 1.00 1.00
1.00 1.00 1.00 1.31 1.42 1.63 1.31 1.31 2.25 4.44 1.94 1.00 1.00 1.00 1.00 1.00 1.00 1.00 1.00 1.00 1.25 1.50 1.77 3.79 3.83 2.26 1.78 1.50 1.05 1.01 1.00 1.00 1.00 1.00 1.31 1.94 4.13 1.63 1.00 1.00 1.00 1.00 1.31 1.63 1.92 4.08 1.55 1.16 0.82 0.60 0.73 0.75 0.82 0.98 1.00 0.81 0.78 0.82 1.02 1.02 1.00 1.00 1.03 1.19 1.23 1.23 1.25 1.29 1.28 1.11 1.02 1.00 1.00 1.00 1.00 1.00 1.00 1.00 1.00 1.00 0.91 0.91 0.94 0.91
1.00 1.00 1.31 1.66 4.53 4.44 1.63 1.00 1.94 4.13 1.94 1.00 1.00 1.00 1.00 1.00 1.00 1.00 1.25 1.50 2.00 3.77 3.77 1.82 1.77 1.58 1.35 1.30 1.12 1.01 1.00 1.00 1.00 1.00 1.00 1.63 4.13 2.25 1.94 1.94 1.94 1.94 2.25 4.42 4.39 1.30 0.91 0.56 0.56 0.59 0.61 0.63 0.71 1.00 0.86 0.79 0.79 0.84 0.88 0.94 1.00 1.02 1.05 1.20 1.22 1.20 1.08 1.19 1.12 1.10 1.03 1.02 1.00 1.00 1.00 1.00 1.00 1.00 1.00 1.00 1.00 1.00 1.00 1.00
