compareData/construction.asc
nCols	220
nRows	174
xllCorner	-88.68333
yllCorner	37.64167
cellSize	8.333334E-03
NODATA_value	-9999
[rows 76 to 113 of 174, columns 0 to 83 of 220]
-9999 1.01 1.01 0.91 1.00 1.00 1.03 1.14 1.03 1.00 1.00 1.00 1.00 1.00 1.00 0.94 1.00 1.00 0.92 0.86 0.96 1.19 1.19 1.03 1.00 1.00 1.00 1.00 1.00 1.00 1.00 1.00 0.98 0.86 0.98 1.00 1.00 1.00 1.00 1.00 0.84 0.88 0.91 0.91 1.03 1.16 1.16 1.02 1.00 1.00 1.00 1.00 1.00 1.00 0.94 1.00 1.00 1.00 1.00 1.00 1.25 1.25 1.25 1.02 1.02 1.02 1.00 1.00 1.02 1.02 1.02 1.00 1.00 1.01 1.05 0.94 1.02 1.06 1.18 1.04 1.01 1.00 1.00 1.00
-9999 1.05 1.01 0.94 1.00 1.02 1.05 1.16 1.03 1.00 1.00 1.00 1.00 1.00 1.00 0.91 1.00 1.00 0.88 1.00 0.93 1.06 1.10 0.96 0.94 0.94 0.94 0.94 0.94 0.94 0.94 0.92 0.84 0.74 0.85 0.94 0.94 0.94 0.94 0.88 0.88 1.00 1.00 0.91 0.92 0.97 0.94 0.92 1.00 1.00 1.25 1.50 1.50 1.25 0.91 1.00 1.00 1.00 1.25 1.50 1.75 3.25 1.25 1.00 1.00 1.00 1.00 1.00 1.02 1.13 1.02 1.00 1.01 1.02 1.03 0.93 1.03 1.08 1.10 1.09 1.02 0.91 0.91 0.94
-9999 1.01 1.01 0.94 1.02 1.05 1.17 1.05 1.02 1.00 1.00 1.00 1.00 1.00 0.91 0.91 1.00 0.88 0.88 1.02 1.05 1.06 1.05 1.03 1.02 1.02 1.00 1.00 1.00 1.00 1.00 0.98 0.84 0.74 0.97 1.00 1.00 1.00 1.00 1.00 0.91 1.00 1.00 1.00 1.00 1.00 1.00 0.91 0.88 0.91 1.25 3.25 3.25 1.25 0.91 0.91 1.00 1.00 1.25 3.25 3.50 1.50 1.25 1.00 1.00 1.00 1.00 1.00 1.02 1.02 1.02 1.00 1.01 1.06 1.07 1.03 0.90 1.01 1.03 1.01 0.96 0.91 1.00 1.00
-9999 1.00 1.00 0.94 1.02 1.17 1.17 1.05 1.00 1.00 1.00 1.00 1.00 1.00 0.91 1.00 1.00 0.84 0.84 1.03 1.17 1.17 1.05 1.05 1.16 1.03 1.00 1.00 1.00 1.00 1.00 0.98 0.97 0.91 0.98 1.00 1.00 1.00 1.00 1.00 0.91 1.00 1.00 1.00 1.02 1.02 1.02 1.00 1.00 0.91 1.13 1.41 1.50 1.25 1.00 0.91 1.00 1.00 1.25 1.50 1.50 1.25 1.00 1.00 1.00 1.00 1.00 1.00 1.00 1.00 1.00 1.00 1.01 1.01 1.03 0.92 1.03 1.07 1.08 1.03 1.01 1.01 1.00 1.00
1.00 1.00 1.00 0.91 1.02 1.05 1.16 1.03 1.00 1.00 1.00 1.00 1.00 1.00 0.91 1.00 1.00 0.84 0.84 1.03 1.19 1.19 1.06 1.16 1.16 1.03 1.00 1.00 1.00 1.00 1.00 1.00 1.00 0.94 1.00 1.00 1.00 1.00 1.02 0.94 0.94 1.02 1.00 1.00 1.02 1.13 1.02 1.00 1.00 1.00 1.00 0.92 0.90 0.93 1.02 0.91 1.00 1.25 1.27 1.27 1.02 1.00 1.00 1.00 1.00 1.00 1.00 1.00 1.00 1.00 1.00 1.00 1.00 1.00 1.00 0.94 1.01 1.01 1.01 1.01 1.00 1.00 1.00 1.00
1.00 1.00 1.00 0.91 0.91 1.02 1.02 1.03 1.02 1.02 1.00 1.00 1.00 0.91 0.91 1.00 1.00 0.84 0.84 1.02 1.05 1.16 1.05 1.03 1.03 1.02 1.00 1.00 1.00 1.00 1.00 1.00 1.02 0.96 1.03 1.02 1.00 1.00 1.04 1.09 1.16 1.02 1.00 1.00 1.02 1.02 1.02 1.00 1.00 1.00 1.00 1.02 1.16 1.30 1.31 1.31 1.50 1.75 3.52 1.63 1.02 1.00 1.00 1.00 1.00 1.00 1.00 1.00 1.00 1.00 1.00 1.00 1.00 1.00 1.01 0.96 1.03 1.03 1.02 1.02 1.01 1.01 1.00 1.00
1.00 1.00 1.00 1.00 0.91 1.00 1.00 1.02 1.13 1.02 1.00 1.00 1.00 0.88 1.00 1.00 1.00 0.81 0.84 1.00 1.02 1.02 1.02 1.00 1.00 1.02 1.02 1.02 1.00 1.00 1.00 1.00 1.02 1.07 1.14 1.02 1.00 1.00 1.04 1.09 1.05 1.03 1.03 1.05 1.03 1.02 1.00 1.00 1.00 1.00 1.00 1.02 1.30 1.91 4.03 3.41 1.75 3.50 3.77 1.52 1.02 1.00 1.00 1.00 1.00 1.00 1.00 1.00 1.00 1.00 1.00 1.00 1.00 1.00 1.02 1.03 1.23 1.11 1.08 1.07 1.06 1.01 1.00 1.00
1.00 1.02 1.03 1.03 0.95 1.00 1.00 1.02 1.02 1.02 1.00 1.00 0.88 0.91 1.00 1.00 0.91 0.81 0.88 1.00 1.00 1.00 1.00 1.00 1.00 1.02 1.13 1.02 1.00 1.00 1.00 1.00 1.02 0.96 1.03 1.02 0.98 0.97 0.97 0.94 1.03 1.05 1.16 1.16 1.16 1.05 1.03 1.02 1.00 1.00 1.00 1.25 1.77 4.27 4.77 4.00 3.34 3.06 1.47 1.16 1.00 1.00 1.00 1.00 1.00 1.00 1.00 1.00 1.00 1.02 1.02 1.02 1.00 0.98 1.01 1.08 1.19 1.12 1.09 1.04 1.02 1.01 1.00 1.00
1.03 1.05 1.17 1.17 0.97 1.00 1.02 1.02 1.02 1.00 1.00 0.88 0.88 1.00 1.00 1.00 0.91 1.00 0.91 1.00 1.00 1.00 1.00 1.00 1.00 1.02 1.02 1.02 1.00 1.00 1.00 1.00 1.00 0.89 0.97 0.95 0.94 0.81 0.80 0.74 1.11 1.17 1.07 1.06 1.05 1.16 1.14 1.03 1.02 1.02 1.02 1.28 3.78 4.27 4.50 4.00 1.63 1.16 1.25 0.81 0.81 0.84 0.88 1.01 1.01 1.01 1.00 1.00 1.00 1.04 1.14 1.02 0.97 0.96 0.86 0.86 1.03 1.09 1.09 1.08 1.01 1.00 1.00 0.91
1.13 1.05 1.17 1.17 0.97 1.00 1.02 1.13 1.03 1.02 0.86 0.81 1.00 1.00 1.00 1.00 0.88 1.00 0.88 1.00 1.00 1.00 1.00 1.00 1.00 1.00 1.00 1.00 1.00 1.00 1.00 1.00 1.00 0.86 0.77 0.81 0.78 0.71 0.64 0.70 0.82 1.02 1.08 0.95 0.96 0.94 0.94 1.03 1.13 1.02 1.02 1.39 1.91 3.78 2.02 1.50 1.06 0.81 0.84 0.88 0.84 0.84 0.88 0.92 0.96 0.89 0.84 0.88 0.88 0.92 1.01 0.82 0.80 0.79 0.74 0.69 0.78 0.98 1.03 1.01 0.95 0.94 0.88 0.84
1.03 1.03 1.03 1.03 0.95 1.00 1.02 1.02 1.03 0.98 0.82 0.84 0.88 0.94 0.91 0.88 0.88 0.84 0.88 0.88 0.94 0.94 0.94 0.94 0.94 0.94 0.94 0.94 0.94 0.94 0.94 0.94 0.91 0.89 0.98 1.08 0.95 0.82 0.67 0.75 1.01 1.03 1.04 1.02 1.01 1.05 0.91 0.92 0.95 0.95 0.95 0.97 1.23 1.32 1.20 0.91 0.84 0.84 1.00 1.00 1.00 1.00 1.01 1.07 1.07 0.89 0.82 0.82 1.02 0.88 0.87 0.86 0.87 0.90 0.83 0.71 0.84 1.08 1.09 1.03 1.01 1.00 1.00 0.88
1.00 1.00 1.00 1.00 0.94 1.00 1.00 1.00 0.89 0.89 1.00 0.86 0.98 1.00 1.00 0.84 1.00 1.00 0.88 1.00 1.00 1.00 1.00 1.00 1.00 1.00 1.00 1.00 1.00 1.00 1.00 1.00 1.00 1.00 1.02 1.02 1.01 0.99 0.90 0.85 0.97 1.13 1.02 1.00 1.01 1.01 1.01 1.00 1.00 1.00 1.00 1.00 1.02 1.02 1.03 1.02 1.02 0.88 1.00 1.00 1.00 1.00 1.01 1.02 1.06 1.01 1.01 0.90 0.87 0.86 1.02 1.02 0.89 1.05 1.03 0.99 0.88 0.95 1.08 1.02 1.00 1.00 1.00 1.00
1.00 1.00 1.00 1.00 0.88 1.00 1.00 0.84 0.81 0.98 0.95 0.74 0.97 1.00 1.00 0.84 0.84 1.00 0.91 1.00 1.00 1.00 1.00 1.00 1.00 1.00 1.00 1.00 1.00 1.00 1.00 1.00 1.00 1.00 1.01 1.02 1.08 1.09 0.94 1.03 0.93 1.02 1.02 1.00 1.00 1.00 1.00 1.00 1.00 1.00 1.00 1.01 1.03 1.03 1.06 1.16 1.05 0.95 0.91 0.94 0.91 0.91 0.91 0.94 0.94 0.94 0.92 0.96 1.02 0.91 0.88 0.84 0.86 1.07 1.07 1.01 1.01 0.94 0.97 1.02 1.00 1.00 1.00 1.00
0.98 0.95 0.94 0.88 0.88 0.88 0.88 0.84 0.84 0.89 0.74 0.74 0.85 0.94 0.88 0.81 0.78 0.78 0.88 1.00 1.00 1.00 1.00 1.00 1.00 1.00 1.00 1.00 1.00 1.00 1.00 1.00 1.00 1.01 1.02 1.08 1.08 1.08 1.08 1.03 0.92 1.00 1.00 1.00 1.00 1.00 1.00 1.00 1.00 1.00 1.02 1.04 1.13 1.23 1.13 1.18 1.19 1.05 1.02 1.00 1.00 0.88 1.00 1.00 1.00 1.00 1.01 1.01 1.01 1.00 1.00 0.84 0.82 0.86 1.01 1.01 1.01 1.02 0.97 1.02 1.01 1.00 1.00 1.00
1.13 1.02 1.00 1.00 0.88 1.00 1.00 0.88 1.00 0.98 0.97 0.85 0.98 1.00 1.00 0.81 0.81 0.84 0.91 1.00 1.00 1.00 1.00 1.00 1.00 1.00 1.00 1.00 1.00 1.00 1.00 1.00 1.01 1.02 1.08 1.10 1.05 1.04 0.97 1.14 0.93 0.91 1.01 1.00 1.00 1.00 1.00 1.00 1.00 1.01 1.03 1.18 1.23 1.28 1.15 1.07 1.18 1.16 1.02 1.00 1.00 0.94 1.00 1.00 1.00 1.00 1.00 1.00 1.00 1.00 1.00 1.00 0.84 0.85 0.89 0.92 1.01 1.01 0.89 1.06 1.02 1.02 1.02 1.01
1.03 1.02 1.00 1.00 0.94 1.00 1.00 0.94 1.00 1.00 1.00 0.94 1.00 1.00 0.91 0.88 1.00 1.00 1.00 1.00 1.00 1.00 1.00 1.00 1.00 1.00 1.00 1.00 1.00 1.00 1.00 1.00 1.01 1.08 1.09 1.09 1.14 1.02 0.95 1.02 1.02 0.92 1.02 1.02 1.01 1.01 1.00 1.00 1.00 1.01 1.07 1.11 1.23 1.28 1.16 1.13 1.07 1.05 1.02 1.00 1.00 0.94 1.00 1.01 1.01 1.01 1.00 1.00 1.00 1.00 1.00 1.00 0.91 1.02 1.08 0.97 0.90 0.86 0.83 0.86 1.06 1.06 1.06 1.06
1.00 1.00 1.00 1.00 0.94 1.00 1.00 0.91 1.00 1.00 1.00 0.94 1.00 1.00 0.91 1.00 1.00 1.00 1.00 1.00 1.00 1.00 1.00 1.00 1.00 1.00 1.00 1.00 1.00 1.00 1.00 1.00 1.02 1.08 1.09 1.04 1.02 1.02 0.91 1.00 1.01 0.95 0.93 0.97 1.06 1.01 1.00 1.00 1.00 1.01 1.01 1.03 1.12 1.49 1.70 1.68 1.41 1.03 1.00 1.00 1.00 0.94 1.00 1.01 1.05 1.01 1.00 1.00 1.01 1.01 1.02 1.02 0.96 1.08 1.09 1.08 1.03 0.98 0.82 0.82 0.83 0.91 1.04 1.03
-9999 1.00 1.00 1.00 0.94 1.00 1.02 0.94 0.94 1.02 1.00 0.94 1.00 1.00 0.94 1.00 1.00 1.00 1.00 1.00 1.00 1.00 1.00 1.00 1.00 1.00 1.00 1.00 1.00 1.00 1.00 1.00 1.01 1.08 1.08 1.03 1.01 1.00 0.91 0.91 1.01 1.01 1.01 0.90 0.96 1.01 1.00 1.02 1.03 1.05 1.03 1.02 1.03 1.54 3.80 3.81 1.66 1.03 1.02 1.02 1.02 0.91 1.00 1.01 1.01 1.01 1.00 1.00 1.01 1.07 1.08 1.10 1.05 1.13 1.13 1.05 1.04 1.02 1.02 0.84 0.81 0.89 1.03 0.86
-9999 1.00 1.00 1.00 0.94 1.00 1.02 1.20 1.05 1.02 1.00 0.91 1.00 1.00 0.94 1.00 1.00 1.00 1.00 1.00 1.00 1.00 1.00 1.00 1.00 1.00 1.00 1.00 1.00 1.00 1.00 1.00 1.01 1.02 1.07 1.06 1.01 1.00 1.01 0.95 1.01 1.00 1.00 1.01 0.88 1.01 1.00 1.02 1.14 1.16 1.14 1.02 1.01 1.51 3.76 3.77 1.52 1.02 1.02 1.13 0.91 0.94 1.03 1.02 1.00 1.00 1.00 1.00 1.02 1.08 1.09 1.11 1.18 1.28 1.23 1.18 1.04 1.06 1.01 0.88 1.00 1.02 1.02 0.83
-9999 1.00 1.00 1.00 0.94 1.00 1.03 1.05 1.02 1.02 1.00 0.91 0.88 1.00 0.91 1.00 1.00 1.00 1.00 1.00 1.00 1.00 1.00 1.00 1.00 1.00 1.00 1.00 1.00 1.00 1.00 1.00 1.00 1.01 1.01 1.01 1.01 1.00 1.01 0.94 1.01 1.00 1.00 1.00 0.94 0.88 0.91 1.02 1.03 1.05 1.03 1.03 1.04 1.35 1.54 1.53 1.26 1.01 1.02 0.92 0.91 1.14 1.14 1.02 1.00 1.00 1.00 1.00 1.02 1.08 1.04 1.07 1.14 1.28 1.24 1.20 1.07 1.07 1.02 0.91 0.88 1.00 1.00 0.84
-9999 1.00 1.00 1.00 0.95 1.02 1.02 1.06 0.95 1.01 1.00 1.00 0.88 0.81 0.84 1.00 1.00 1.00 1.00 1.00 1.00 1.00 1.00 1.00 1.00 1.00 1.00 1.00 1.00 1.00 1.00 1.00 1.00 1.00 1.00 1.00 1.00 1.00 1.00 0.94 1.00 1.00 1.00 1.00 1.00 1.00 0.88 0.91 1.00 1.00 1.00 1.02 1.16 1.19 1.21 1.12 1.08 1.01 1.00 0.91 1.03 1.05 1.05 1.02 1.00 1.00 1.00 1.02 1.03 1.08 1.08 1.09 1.06 1.17 1.18 1.21 1.12 1.07 1.01 1.02 0.90 0.91 1.02 0.82
-9999 1.00 1.00 1.00 0.89 1.13 1.02 1.01 0.88 1.00 1.00 1.00 1.00 0.78 0.78 0.84 1.00 1.00 1.00 1.00 1.00 1.00 1.00 1.00 1.00 1.00 1.00 1.00 1.00 1.02 1.02 1.02 1.00 1.00 1.00 1.00 1.00 1.00 1.00 0.91 1.00 1.00 1.00 1.00 1.00 1.00 1.00 0.88 1.00 1.00 1.00 1.02 1.05 1.19 1.21 1.24 1.10 1.02 1.00 0.94 1.02 1.13 1.02 1.00 1.00 1.00 1.00 1.02 1.13 1.03 1.07 1.05 1.06 1.27 1.26 1.18 1.09 1.02 1.01 1.02 1.13 0.98 0.88 0.84
-9999 0.90 0.88 0.81 0.86 0.89 0.92 0.84 0.84 0.84 0.88 0.84 0.81 0.78 0.75 0.78 0.80 0.86 0.86 0.91 1.00 1.00 0.91 0.91 0.94 0.91 0.91 0.91 0.94 0.93 1.00 0.90 0.88 0.91 1.00 0.88 0.84 0.88 1.00 0.84 0.84 0.88 0.92 1.03 1.03 1.02 1.00 0.84 0.84 1.00 1.00 1.00 1.02 1.04 1.07 1.11 1.09 1.01 1.00 0.94 1.02 1.02 1.02 1.00 1.00 1.00 1.00 1.02 1.02 1.02 1.02 1.07 1.20 1.30 1.13 1.07 1.04 1.01 1.00 1.02 1.00 0.87 0.80 1.00
-9999 1.00 0.88 0.88 0.91 1.02 1.00 0.84 0.84 1.00 0.88 0.84 0.81 0.81 0.81 0.84 0.80 0.74 0.98 0.91 0.91 0.91 0.91 1.00 1.00 1.00 0.91 1.00 1.00 1.03 1.00 0.90 1.00 0.91 0.88 0.88 0.84 0.88 0.88 0.83 0.85 1.00 0.93 1.03 1.07 0.95 0.88 0.81 0.78 0.81 0.84 0.84 0.88 1.05 1.03 1.07 1.03 1.01 1.00 0.94 1.00 1.00 1.00 1.00 1.00 1.00 1.00 1.00 1.00 1.00 1.02 1.17 1.10 1.25 1.11 1.13 1.02 1.00 1.00 1.00 0.95 0.80 0.76 1.41
-9999 -9999 1.02 1.14 1.14 1.02 1.00 0.91 1.00 1.00 1.00 1.00 1.00 0.88 1.00 1.00 0.98 0.89 0.98 1.00 1.00 1.00 1.00 1.00 1.00 1.00 1.00 1.00 1.00 1.02 1.02 1.02 1.00 1.00 1.00 1.00 1.00 1.02 1.03 1.01 0.75 1.11 1.04 1.05 1.03 1.02 1.00 0.81 0.81 0.84 0.81 0.78 0.79 0.82 0.89 1.06 1.01 1.00 1.00 0.88 1.00 1.00 1.00 1.00 1.00 0.91 0.91 0.94 0.94 0.94 0.95 0.91 0.93 0.92 0.98 0.96 0.95 0.94 0.94 0.94 0.91 0.73 0.79 1.44
-9999 -9999 1.03 1.03 1.03 1.02 1.00 0.94 1.00 1.00 1.00 1.00 1.00 0.94 1.00 1.00 1.00 0.91 1.00 1.00 1.00 1.00 1.00 1.00 1.00 1.00 1.00 1.00 1.00 1.00 1.00 1.00 1.00 1.00 0.91 0.91 0.94 0.95 1.07 0.98 0.82 0.82 1.07 0.96 0.94 0.94 0.91 0.91 1.00 1.00 1.00 0.88 0.81 0.81 0.85 0.91 0.94 0.91 0.84 0.81 0.81 0.84 0.84 0.84 0.81 0.81 1.00 1.00 1.00 1.00 1.00 1.00 0.81 1.02 1.03 1.03 1.02 1.00 1.00 1.00 0.98 0.97 1.18 1.95
-9999 -9999 1.00 1.00 1.00 1.00 1.00 0.94 1.00 1.00 1.00 1.01 1.01 0.95 1.02 1.02 1.01 0.91 0.88 0.94 0.94 0.94 0.94 0.94 0.94 0.94 0.94 0.94 0.94 0.94 0.94 0.94 0.94 0.91 0.91 1.00 1.00 1.02 1.03 1.04 0.88 1.02 1.06 1.03 1.05 1.01 1.00 1.00 1.00 1.00 1.00 1.00 1.00 0.84 1.00 1.00 1.00 1.00 0.78 0.75 0.75 0.79 0.81 0.84 0.84 0.88 0.91 0.94 0.94 0.94 0.94 0.91 0.88 0.90 1.06 1.10 0.96 0.94 0.94 0.94 0.91 0.86 1.18 3.88
-9999 -9999 1.00 1.00 1.00 1.00 1.00 0.91 1.00 1.00 1.00 1.01 1.06 0.96 1.06 1.06 1.06 0.88 1.00 1.00 1.00 1.00 1.00 1.00 1.00 1.00 1.00 1.00 1.00 1.00 1.00 1.00 1.00 1.00 1.00 1.00 1.00 1.00 1.00 1.02 1.05 1.02 1.01 1.01 1.01 1.01 1.00 1.00 1.00 1.00 1.00 1.00 1.00 0.91 0.88 0.91 0.94 0.92 0.91 0.89 0.89 0.86 1.01 1.00 1.00 1.00 1.00 1.00 1.00 1.00 1.00 1.00 1.00 0.90 1.17 1.17 1.03 1.00 1.00 1.00 1.00 0.79 1.20 1.60
-9999 -9999 -9999 1.02 1.02 1.02 1.02 0.92 0.88 1.00 1.00 1.01 1.01 0.86 0.86 0.93 0.89 0.91 1.00 1.00 1.00 1.00 1.00 1.00 1.00 1.00 1.00 1.00 1.00 1.00 1.00 1.00 1.00 1.00 1.00 1.00 1.00 1.00 1.00 1.03 0.95 1.05 1.02 1.00 1.00 1.00 1.00 1.00 1.00 1.00 1.00 1.00 1.00 1.00 0.88 1.00 1.01 1.04 1.20 1.27 1.13 0.92 1.02 1.01 1.00 1.00 1.00 1.00 1.00 1.00 1.00 1.00 1.00 0.95 1.03 1.03 1.02 1.00 1.00 1.01 0.88 0.86 0.84 0.89
-9999 -9999 -9999 1.13 1.11 1.11 1.11 1.12 0.91 0.89 0.94 0.94 0.91 0.84 0.84 1.00 1.00 0.91 1.00 1.00 1.00 1.00 1.00 1.00 1.00 1.00 1.00 1.00 1.00 1.00 1.00 1.00 1.00 1.00 1.00 1.00 1.00 1.00 1.00 0.92 1.04 1.14 1.02 1.00 1.00 1.00 1.00 1.00 1.00 1.00 1.00 1.00 1.00 1.00 0.94 1.00 1.01 1.10 1.28 1.31 1.23 1.01 1.01 1.03 1.01 1.00 1.00 1.00 1.00 1.00 1.00 1.00 1.00 0.94 1.00 1.00 1.00 1.00 1.00 0.89 0.93 1.01 1.00 0.92
-9999 -9999 -9999 1.24 1.23 1.11 1.23 1.23 1.02 1.02 1.00 1.00 1.00 1.00 0.91 1.00 1.00 0.94 1.00 1.00 1.00 1.00 1.00 1.00 1.00 1.00 1.00 1.00 1.00 1.00 1.00 1.00 1.00 1.00 1.01 1.01 1.02 1.01 1.01 0.89 1.03 1.03 1.02 1.00 1.00 1.00 1.00 1.00 1.00 1.00 1.00 1.00 1.00 1.00 0.94 1.00 1.02 1.10 1.15 1.30 1.32 1.31 1.14 1.10 1.01 1.00 1.00 1.00 1.00 1.00 1.00 1.00 1.00 0.94 1.00 1.00 1.00 1.00 0.88 0.89 1.06 1.02 1.00 0.92
-9999 -9999 -9999 -9999 1.03 0.99 1.00 0.97 0.91 1.02 1.00 1.00 1.00 1.00 0.88 1.00 1.00 0.91 1.00 1.00 1.00 1.00 1.00 1.00 1.00 1.00 1.00 1.00 1.00 1.00 1.00 1.00 1.00 1.00 1.01 1.06 1.07 1.06 1.01 0.91 0.88 1.00 1.00 1.00 1.00 1.00 1.00 1.00 1.00 1.00 1.00 1.00 1.00 1.00 0.94 1.00 1.01 1.08 1.11 1.15 1.28 1.30 1.15 1.12 1.02 1.00 1.00 1.00 1.00 1.00 1.00 1.00 1.01 0.94 1.01 1.00 1.00 0.89 0.91 1.05 1.08 1.02 1.00 0.91
-9999 -9999 -9999 -9999 1.01 1.05 1.01 1.01 0.88 0.88 0.94 0.94 0.94 0.88 0.88 0.88 0.88 0.91 1.00 1.00 1.00 1.00 1.00 1.00 1.00 1.00 1.00 1.00 1.00 1.00 1.00 1.00 1.00 1.00 1.01 1.06 1.03 1.01 1.01 1.00 0.81 0.84 0.91 0.94 0.94 0.94 0.91 0.94 1.00 1.00 1.00 1.00 1.00 1.00 0.94 1.00 1.01 1.02 1.08 1.10 1.11 1.08 1.07 1.09 1.01 1.00 1.00 1.00 1.00 1.00 1.00 1.00 1.01 0.98 1.01 1.00 0.88 0.91 1.18 1.21 1.14 1.06 1.02 1.00
-9999 -9999 -9999 -9999 0.95 1.01 1.01 1.00 0.91 1.00 1.00 1.00 1.00 1.00 0.88 1.00 1.00 0.91 1.00 1.00 1.00 1.00 1.00 1.00 1.00 1.00 1.00 1.00 1.00 1.00 1.00 1.00 0.91 0.91 0.94 0.94 0.94 0.94 0.94 0.88 0.84 0.86 1.02 1.02 1.00 1.00 1.00 0.88 1.00 1.00 1.00 1.00 1.00 1.00 0.88 1.00 1.00 1.01 1.01 1.02 1.01 1.02 0.86 0.86 1.01 1.00 1.00 1.00 1.00 1.00 1.00 1.00 1.01 0.91 1.01 0.88 0.88 1.03 1.19 1.29 1.30 1.25 1.04 1.00
-9999 -9999 -9999 -9999 -9999 0.88 0.91 1.00 0.91 1.00 1.00 1.00 1.00 1.00 0.94 1.00 1.00 0.94 1.00 1.00 0.94 0.91 0.94 0.94 0.94 0.94 0.91 0.91 0.91 0.94 0.94 0.88 0.88 1.00 1.00 1.00 1.00 1.00 1.00 1.00 0.84 1.02 1.13 1.02 1.00 1.00 1.00 0.88 0.84 0.91 0.94 0.94 0.94 0.88 0.88 0.88 0.94 0.94 0.94 0.94 0.94 0.88 0.84 0.81 0.88 1.00 1.00 1.00 1.00 1.00 1.00 1.00 1.00 0.84 0.78 0.81 1.00 1.02 1.07 1.24 1.32 1.27 1.05 1.00
-9999 -9999 -9999 -9999 -9999 1.00 0.88 0.81 0.84 1.00 1.00 1.00 1.00 1.00 0.94 1.00 1.00 0.91 1.00 1.00 0.88 1.00 1.00 1.00 1.00 1.00 1.00 0.88 1.00 1.00 1.00 1.00 0.91 1.00 1.00 1.00 1.00 1.00 1.00 1.00 0.91 0.92 1.02 1.02 1.00 1.00 1.00 0.88 0.84 1.00 1.00 1.00 1.00 1.00 0.88 1.00 1.00 1.00 1.00 1.00 1.00 1.00 0.88 1.00 0.91 0.91 0.94 0.94 0.94 0.94 0.94 0.91 0.84 0.81 0.81 0.88 0.88 0.91 1.03 1.19 1.27 1.13 1.03 1.00
-9999 -9999 -9999 -9999 -9999 1.00 1.00 0.81 0.78 0.84 1.00 1.00 1.00 1.00 0.91 1.00 1.00 0.91 0.88 0.91 0.94 1.02 1.03 1.03 1.02 1.00 1.00 0.94 1.00 1.00 1.00 1.00 0.94 1.00 1.00 1.00 1.00 1.00 1.00 1.00 1.00 0.91 1.00 1.00 1.00 1.00 1.00 0.88 1.00 1.00 1.00 1.00 1.00 1.00 0.94 1.00 1.00 1.00 1.00 1.00 1.00 1.00 0.94 1.00 1.00 1.00 1.00 1.00 1.00 1.00 1.00 1.00 0.81 0.84 1.00 1.00 1.00 0.91 0.90 0.96 1.02 1.00 0.92 1.00
-9999 -9999 -9999 -9999 -9999 -9999 1.02 0.89 0.82 0.84 0.91 1.00 1.00 0.91 0.91 1.00 1.01 0.92 1.03 1.07 1.02 1.02 1.16 1.16 1.03 1.02 1.02 0.95 1.00 1.00 1.02 1.03 0.96 1.02 1.00 1.00 1.00 1.00 1.00 1.00 1.00 0.94 1.00 1.00 1.00 1.00 1.00 0.91 0.91 1.00 1.00 1.00 1.00 1.00 0.94 1.00 1.00 1.00 1.00 1.01 1.01 1.01 0.94 1.02 1.02 1.02 1.00 1.00 1.00 1.00 1.00 0.88 0.88 1.00 1.00 1.00 1.00 1.00 1.03 0.94 1.13 1.10 0.86 0.81
