compareData/cost.asc
nCols	220
nRows	174
xllCorner	-88.68333
yllCorner	37.64167
cellSize	8.333334E-03
NODATA_value	-9999
[rows 114 to 151 of 174, columns 84 to 167 of 220]
0.44 0.51 0.47 0.46 0.54 0.58 0.52 0.51 0.42 0.41 0.44 0.64 0.63 0.42 0.42 0.50 0.50 0.50 0.50 0.50 0.50 0.51 0.51 0.47 0.50 0.50 0.50 0.50 0.44 0.50 0.50 0.50 0.50 0.47 0.50 0.50 0.50 0.50 0.44 0.50 0.50 0.50 0.50 0.50 0.50 0.50 0.50 0.45 0.42 0.41 0.38 0.39 0.50 0.50 0.50 0.50 0.51 0.55 0.55 0.53 0.40 0.41 0.51 0.51 0.53 0.52 0.53 0.56 0.62 0.61 0.54 0.55 0.56 0.61 0.59 0.52 0.50 0.50 0.51 0.52 0.54 0.60 0.59 0.48
0.51 0.52 0.58 0.60 0.54 0.45 0.46 0.49 0.46 0.45 0.53 0.55 0.47 0.44 0.43 0.46 0.47 0.48 0.46 0.46 0.50 0.53 0.53 0.46 0.50 0.50 0.50 0.44 0.45 0.51 0.51 0.53 0.50 0.47 0.51 0.51 0.50 0.50 0.45 0.45 0.50 0.50 0.50 0.50 0.50 0.50 0.50 0.50 0.50 0.41 0.39 0.42 0.44 0.47 0.47 0.46 0.47 0.53 0.52 0.43 0.41 0.44 0.51 0.55 0.56 0.58 0.63 0.65 0.65 0.61 0.53 0.55 0.63 0.64 0.62 0.52 0.50 0.50 0.50 0.50 0.52 0.60 0.60 0.48
0.56 0.52 0.53 0.62 0.65 0.54 0.62 0.63 0.51 0.49 0.59 0.53 0.51 0.44 0.53 0.50 0.50 0.51 0.56 0.46 0.46 0.46 0.45 0.44 0.50 0.50 0.44 0.44 0.50 0.51 0.57 0.52 0.51 0.46 0.54 0.54 0.51 0.50 0.50 0.44 0.50 0.50 0.50 0.50 0.51 0.51 0.50 0.50 0.45 0.44 0.50 0.44 0.51 0.52 0.52 0.53 0.54 0.53 0.45 0.39 0.39 0.50 0.52 0.57 0.64 0.66 0.66 0.66 0.65 0.60 0.53 0.54 0.56 0.56 0.55 0.52 0.52 0.52 0.52 0.52 0.54 0.60 0.59 0.47
0.51 0.67 0.69 0.80 0.66 0.59 0.55 0.55 0.50 0.45 0.52 0.51 0.50 0.46 0.50 0.50 0.50 0.51 0.51 0.51 0.50 0.50 0.42 0.42 0.50 0.42 0.41 0.50 0.50 0.51 0.54 0.55 0.54 0.46 0.44 0.46 0.47 0.51 0.50 0.42 0.42 0.50 0.50 0.50 0.54 0.54 0.51 0.50 0.45 0.51 0.52 0.49 0.53 0.59 0.60 0.60 0.60 0.56 0.40 0.38 0.39 0.44 0.54 0.63 0.66 0.68 0.66 0.61 0.58 0.60 0.53 0.51 0.51 0.51 0.51 0.52 0.59 0.60 0.60 0.60 0.60 0.59 0.52 0.52
0.50 0.66 1.81 0.80 0.65 0.55 0.47 0.52 0.43 0.43 0.50 0.50 0.45 0.45 0.50 0.50 0.50 0.50 0.50 0.50 0.50 0.50 0.50 0.42 0.41 0.42 0.44 0.48 0.47 0.48 0.51 0.52 0.50 0.46 0.41 0.41 0.46 0.46 0.46 0.43 0.43 0.45 0.49 0.47 0.48 0.57 0.51 0.50 0.44 0.52 0.59 0.53 0.61 0.62 0.62 0.58 0.56 0.44 0.39 0.38 0.38 0.43 0.52 0.57 0.64 0.65 0.63 0.56 0.56 0.60 0.59 0.52 0.50 0.51 0.52 0.53 0.59 0.60 0.61 0.61 0.60 0.52 0.51 0.52
0.50 0.67 0.72 0.83 0.63 0.53 0.48 0.50 0.42 0.42 0.50 0.50 0.45 0.50 0.50 0.50 0.50 0.50 0.50 0.50 0.50 0.50 0.50 0.41 0.39 0.50 0.50 0.50 0.51 0.54 0.55 0.56 0.56 0.53 0.44 0.47 0.53 0.54 0.54 0.53 0.49 0.56 0.57 0.62 0.49 0.46 0.47 0.44 0.46 0.46 0.51 0.53 0.55 0.59 0.56 0.55 0.45 0.40 0.38 0.38 0.38 0.42 0.51 0.54 0.56 0.56 0.53 0.52 0.53 0.60 0.60 0.52 0.50 0.51 0.58 0.59 0.53 0.52 0.53 0.59 0.52 0.51 0.51 0.53
0.50 0.51 0.57 0.65 0.63 0.60 0.49 0.50 0.42 0.42 0.50 0.50 0.47 0.50 0.50 0.50 0.50 0.50 0.50 0.44 0.42 0.42 0.42 0.42 0.44 0.44 0.50 0.50 0.51 0.54 0.55 0.56 0.61 0.58 0.53 0.52 0.51 0.47 0.56 0.60 0.53 0.64 0.65 0.65 0.63 0.54 0.52 0.60 0.53 0.61 0.50 0.51 0.65 0.63 0.62 0.46 0.41 0.39 0.38 0.38 0.38 0.41 0.50 0.51 0.51 0.51 0.50 0.50 0.52 0.60 0.60 0.52 0.50 0.51 0.53 0.59 0.52 0.50 0.51 0.51 0.51 0.51 0.52 0.60
0.50 0.67 0.72 0.80 0.64 0.63 0.48 0.50 0.43 0.44 0.50 0.50 0.47 0.50 0.50 0.50 0.50 0.51 0.46 0.41 0.41 0.41 0.44 0.50 0.50 0.46 0.44 0.45 0.51 0.54 0.55 0.56 0.56 0.53 0.53 0.60 0.54 0.53 0.52 0.50 0.50 0.55 0.64 0.64 0.63 0.63 0.58 0.63 0.59 0.63 0.52 0.47 0.64 0.63 0.62 0.47 0.41 0.46 0.40 0.39 0.39 0.41 0.45 0.50 0.50 0.50 0.50 0.50 0.52 0.59 0.60 0.54 0.52 0.51 0.52 0.57 0.52 0.50 0.50 0.51 0.52 0.53 0.60 0.62
0.52 0.72 1.84 0.82 0.67 0.65 0.49 0.44 0.54 0.45 0.51 0.50 0.47 0.50 0.50 0.50 0.51 0.54 0.48 0.51 0.42 0.50 0.50 0.50 0.50 0.50 0.50 0.44 0.44 0.51 0.54 0.54 0.54 0.54 0.53 0.60 0.62 0.60 0.53 0.45 0.43 0.55 0.66 0.67 0.67 0.67 0.62 0.63 0.59 0.63 0.54 0.44 0.57 0.65 0.57 0.46 0.53 0.43 0.51 0.41 0.41 0.50 0.44 0.50 0.50 0.50 0.50 0.50 0.51 0.53 0.60 0.60 0.58 0.51 0.52 0.52 0.53 0.52 0.52 0.52 0.59 0.61 0.62 0.63
0.57 0.80 0.84 0.82 0.67 0.65 0.61 0.48 0.51 0.53 0.52 0.50 0.45 0.50 0.47 0.45 0.46 0.46 0.44 0.44 0.46 0.50 0.50 0.50 0.50 0.50 0.50 0.50 0.45 0.44 0.46 0.51 0.52 0.56 0.58 0.62 0.62 0.54 0.52 0.52 0.49 0.53 0.67 0.68 0.68 0.67 0.62 0.63 0.57 0.63 0.54 0.46 0.46 0.63 0.53 0.49 0.44 0.45 0.49 0.41 0.41 0.50 0.44 0.45 0.50 0.50 0.50 0.50 0.50 0.52 0.60 0.61 0.53 0.51 0.51 0.57 0.58 0.58 0.57 0.52 0.59 0.60 0.60 0.59
0.65 0.66 0.67 0.67 0.65 0.67 0.62 0.61 0.51 0.60 0.53 0.46 0.44 0.50 0.44 0.50 0.50 0.41 0.42 0.43 0.51 0.52 0.52 0.51 0.50 0.50 0.50 0.50 0.50 0.50 0.44 0.44 0.53 0.63 0.65 0.63 0.64 0.60 0.53 0.59 0.53 0.52 0.65 0.66 0.65 0.64 0.55 0.62 0.55 0.48 0.53 0.55 0.43 0.38 0.47 0.42 0.42 0.50 0.44 0.41 0.41 0.44 0.50 0.44 0.50 0.50 0.50 0.50 0.50 0.52 0.60 0.59 0.51 0.49 0.50 0.52 0.52 0.52 0.52 0.52 0.52 0.52 0.52 0.52
0.66 0.62 0.62 0.65 0.66 0.65 0.63 0.56 0.53 0.53 0.55 0.44 0.50 0.42 0.45 0.50 0.50 0.42 0.42 0.50 0.51 0.57 0.57 0.51 0.50 0.50 0.50 0.50 0.50 0.50 0.50 0.45 0.48 0.60 0.62 0.57 0.58 0.56 0.53 0.58 0.54 0.46 0.53 0.58 0.56 0.53 0.49 0.64 0.52 0.47 0.41 0.54 0.39 0.33 0.35 0.41 0.41 0.40 0.40 0.41 0.50 0.45 0.50 0.45 0.44 0.50 0.50 0.50 0.51 0.52 0.59 0.57 0.43 0.38 0.46 0.47 0.47 0.47 0.45 0.44 0.42 0.44 0.44 0.42
0.58 0.57 0.56 0.57 0.63 0.57 0.55 0.56 0.50 0.48 0.52 0.43 0.41 0.44 0.50 0.50 0.42 0.42 0.50 0.50 0.51 0.52 0.52 0.51 0.50 0.50 0.50 0.50 0.50 0.50 0.50 0.50 0.53 0.61 0.63 0.61 0.50 0.45 0.47 0.52 0.45 0.46 0.46 0.47 0.51 0.50 0.44 0.52 0.53 0.48 0.50 0.40 0.40 0.33 0.46 0.48 0.39 0.38 0.39 0.44 0.52 0.48 0.50 0.50 0.44 0.44 0.50 0.50 0.51 0.57 0.52 0.44 0.37 0.40 0.47 0.51 0.51 0.52 0.52 0.43 0.42 0.43 0.50 0.39
0.55 0.54 0.54 0.52 0.52 0.52 0.51 0.52 0.49 0.41 0.40 0.41 0.42 0.50 0.50 0.44 0.41 0.44 0.50 0.50 0.50 0.50 0.50 0.50 0.50 0.50 0.50 0.50 0.50 0.50 0.50 0.51 0.55 0.60 0.60 0.55 0.51 0.51 0.48 0.52 0.45 0.50 0.64 0.46 0.44 0.42 0.38 0.48 0.62 0.38 0.47 0.62 0.40 0.34 0.41 0.36 0.35 0.41 0.41 0.50 0.57 0.48 0.50 0.50 0.50 0.44 0.44 0.50 0.46 0.46 0.46 0.42 0.43 0.55 0.56 0.46 0.48 0.56 0.54 0.54 0.58 0.51 0.41 0.42
0.51 0.51 0.51 0.50 0.50 0.50 0.50 0.51 0.44 0.40 0.39 0.42 0.50 0.51 0.45 0.45 0.51 0.45 0.50 0.50 0.50 0.50 0.50 0.50 0.50 0.50 0.50 0.50 0.50 0.50 0.50 0.51 0.57 0.53 0.52 0.51 0.51 0.51 0.56 0.63 0.56 0.54 0.52 0.51 0.50 0.50 0.39 0.43 0.36 0.37 0.46 0.49 0.36 0.33 0.46 0.40 0.34 0.41 0.45 0.51 0.52 0.48 0.50 0.50 0.50 0.50 0.41 0.41 0.44 0.50 0.50 0.50 0.49 0.51 0.41 0.52 0.61 0.62 0.62 0.60 0.52 0.46 0.43 0.53
0.50 0.50 0.50 0.50 0.50 0.50 0.50 0.50 0.50 0.41 0.41 0.50 0.50 0.44 0.50 0.57 0.51 0.47 0.50 0.50 0.50 0.50 0.50 0.50 0.50 0.50 0.50 0.50 0.50 0.50 0.50 0.51 0.51 0.51 0.50 0.50 0.50 0.54 0.57 0.63 0.64 0.57 0.53 0.51 0.52 0.47 0.34 0.30 0.30 0.31 0.41 0.43 0.39 0.42 0.41 0.36 0.36 0.52 0.40 0.48 0.50 0.45 0.50 0.50 0.44 0.41 0.39 0.39 0.50 0.50 0.51 0.52 0.38 0.39 0.43 0.57 0.61 0.62 0.61 0.53 0.46 0.46 0.63 0.59
0.52 0.51 0.50 0.50 0.50 0.50 0.50 0.50 0.50 0.42 0.43 0.50 0.46 0.45 0.53 0.53 0.52 0.46 0.51 0.50 0.50 0.50 0.50 0.50 0.50 0.50 0.50 0.50 0.50 0.50 0.50 0.50 0.51 0.52 0.52 0.51 0.50 0.52 0.60 0.63 0.66 0.67 0.57 0.52 0.50 0.46 0.33 0.29 0.29 0.29 0.30 0.32 0.42 0.45 0.55 0.37 0.48 0.44 0.39 0.46 0.48 0.42 0.42 0.44 0.42 0.41 0.39 0.42 0.42 0.44 0.45 0.50 0.49 0.38 0.45 0.51 0.53 0.59 0.59 0.52 0.46 0.54 0.65 0.63
0.59 0.52 0.50 0.50 0.50 0.50 0.50 0.50 0.50 0.42 0.41 0.53 0.45 0.53 0.55 0.55 0.56 0.48 0.46 0.46 0.50 0.50 0.50 0.50 0.45 0.45 0.47 0.47 0.47 0.47 0.47 0.48 0.49 0.56 0.55 0.48 0.48 0.50 0.56 0.58 0.67 0.67 0.67 0.50 0.47 0.43 0.32 0.38 0.29 0.28 0.28 0.29 0.30 0.34 0.42 0.37 0.56 0.56 0.35 0.32 0.34 0.38 0.39 0.50 0.50 0.44 0.50 0.42 0.48 0.35 0.42 0.57 0.50 0.57 0.49 0.49 0.51 0.52 0.52 0.51 0.46 0.55 0.63 0.61
0.59 0.52 0.50 0.50 0.50 0.50 0.50 0.50 0.50 0.42 0.39 0.39 0.43 0.53 0.55 0.53 0.53 0.56 0.56 0.46 0.45 0.47 0.47 0.45 0.46 0.51 0.51 0.51 0.51 0.50 0.50 0.51 0.58 0.59 0.59 0.52 0.51 0.59 0.61 0.58 0.55 0.53 0.50 0.49 0.43 0.34 0.33 0.30 0.29 0.28 0.28 0.28 0.28 0.29 0.29 0.34 0.46 0.46 0.32 0.28 0.30 0.36 0.39 0.42 0.50 0.44 0.50 0.42 0.38 0.34 0.41 0.37 0.51 0.52 0.51 0.50 0.50 0.50 0.50 0.45 0.46 0.51 0.54 0.58
0.52 0.51 0.50 0.50 0.50 0.50 0.50 0.50 0.50 0.42 0.39 0.41 0.44 0.46 0.47 0.50 0.55 0.62 0.56 0.51 0.50 0.50 0.50 0.50 0.51 0.55 0.56 0.55 0.54 0.51 0.51 0.51 0.52 0.52 0.52 0.52 0.52 0.54 0.61 0.63 0.53 0.44 0.52 0.38 0.44 0.60 0.76 0.64 0.46 0.28 0.28 0.28 0.28 0.28 0.28 0.30 0.40 0.32 0.29 0.28 0.29 0.35 0.36 0.38 0.38 0.41 0.39 0.39 0.36 0.36 0.30 0.37 0.40 0.51 0.50 0.50 0.50 0.50 0.50 0.45 0.50 0.50 0.51 0.55
0.45 0.47 0.50 0.50 0.50 0.50 0.50 0.50 0.50 0.41 0.41 0.50 0.50 0.50 0.53 0.53 0.55 0.55 0.54 0.51 0.50 0.50 0.50 0.50 0.52 0.62 0.63 0.56 0.55 0.55 0.55 0.53 0.52 0.52 0.53 0.59 0.54 0.49 0.57 0.55 0.53 0.66 0.62 0.44 0.54 1.76 2.20 2.03 0.65 0.46 0.28 0.28 0.28 0.28 0.28 0.29 0.29 0.29 0.28 0.28 0.29 0.29 0.30 0.30 0.36 0.38 0.41 0.41 0.37 0.32 0.32 0.32 0.39 0.44 0.49 0.50 0.50 0.50 0.50 0.47 0.50 0.50 0.52 0.48
0.50 0.44 0.53 0.51 0.50 0.50 0.50 0.50 0.42 0.39 0.42 0.50 0.50 0.50 0.51 0.51 0.51 0.51 0.51 0.50 0.50 0.51 0.53 0.51 0.53 0.61 0.62 0.60 0.54 0.60 0.61 0.60 0.60 0.60 0.55 0.54 0.56 0.62 0.62 0.63 0.56 0.57 0.56 0.38 0.59 1.94 1.13 1.12 2.20 0.76 0.40 0.28 0.28 0.28 0.28 0.28 0.28 0.28 0.28 0.28 0.28 0.28 0.28 0.29 0.30 0.37 0.49 0.51 0.44 0.41 0.32 0.41 0.43 0.39 0.51 0.51 0.50 0.50 0.50 0.47 0.50 0.52 0.56 0.60
0.50 0.48 0.47 0.49 0.51 0.50 0.45 0.42 0.40 0.37 0.42 0.50 0.50 0.50 0.50 0.50 0.50 0.50 0.50 0.50 0.50 0.51 0.53 0.54 0.55 0.56 0.63 0.56 0.57 0.61 0.63 0.63 0.63 0.55 0.55 0.63 0.63 0.63 0.57 0.51 0.53 0.66 0.51 0.45 0.63 0.65 0.66 0.81 2.05 1.77 0.42 0.29 0.28 0.28 0.28 0.28 0.28 0.28 0.28 0.28 0.29 0.30 0.32 0.32 0.43 0.57 0.75 0.77 0.66 0.54 0.35 0.36 0.47 0.51 0.59 0.53 0.52 0.51 0.50 0.47 0.51 0.56 0.64 0.60
0.50 0.51 0.54 0.49 0.46 0.45 0.45 0.50 0.39 0.32 0.39 0.49 0.50 0.50 0.45 0.45 0.47 0.47 0.47 0.47 0.47 0.47 0.48 0.50 0.51 0.51 0.51 0.50 0.49 0.55 0.58 0.58 0.56 0.56 0.61 0.61 0.62 0.63 0.58 0.53 0.56 0.50 0.67 0.66 0.65 0.50 0.50 0.66 0.81 0.69 0.49 0.31 0.30 0.28 0.28 0.28 0.28 0.29 0.29 0.30 0.33 0.46 0.64 0.79 0.89 1.99 2.21 2.37 2.19 0.93 0.78 0.91 0.59 0.51 0.62 0.61 0.59 0.52 0.50 0.48 0.55 0.58 0.59 0.58
0.50 0.51 0.54 0.54 0.51 0.50 0.49 0.49 0.38 0.43 0.56 0.63 0.55 0.44 0.45 0.50 0.50 0.50 0.50 0.50 0.50 0.50 0.50 0.51 0.51 0.51 0.51 0.51 0.47 0.49 0.57 0.56 0.62 0.61 0.55 0.55 0.62 0.65 0.65 0.64 0.57 0.55 0.83 1.91 0.81 0.50 0.66 0.66 0.66 0.44 0.40 0.48 0.33 0.33 0.34 0.34 0.34 0.35 0.40 0.40 0.60 0.89 1.06 2.09 2.08 1.13 2.38 2.53 2.38 2.24 1.99 1.94 0.90 0.88 0.72 0.63 0.50 0.45 0.50 0.46 0.62 0.64 0.53 0.64
0.47 0.48 0.50 0.50 0.46 0.45 0.43 0.49 0.64 0.75 1.98 1.99 1.02 0.81 0.66 0.50 0.50 0.50 0.50 0.50 0.50 0.50 0.50 0.50 0.50 0.50 0.50 0.50 0.51 0.52 0.55 0.60 0.62 0.64 0.55 0.60 0.62 0.64 0.58 0.56 0.55 0.69 1.13 2.22 0.97 0.50 0.81 2.06 0.97 0.66 0.45 0.42 0.43 0.48 0.48 0.48 0.48 0.48 0.49 0.66 0.82 2.08 2.08 0.98 0.81 0.81 0.81 0.97 0.97 0.98 0.98 0.98 2.24 2.23 2.17 1.03 0.90 0.75 0.58 0.48 0.51 0.56 0.55 0.54
0.50 0.51 0.53 0.51 0.50 0.42 0.65 0.81 2.01 2.21 1.12 2.38 2.53 2.22 0.78 0.50 0.50 0.50 0.50 0.50 0.50 0.50 0.50 0.50 0.50 0.50 0.50 0.50 0.50 0.51 0.55 0.57 0.63 0.65 0.63 0.62 0.61 0.55 0.52 0.51 0.51 0.66 2.22 2.22 0.97 0.50 0.81 2.07 2.23 0.98 0.81 0.66 0.45 0.50 0.50 0.50 0.50 0.66 0.81 0.97 2.06 0.97 0.81 0.66 0.50 0.50 0.50 0.50 0.50 0.50 0.50 0.66 0.97 2.38 2.53 2.53 2.53 2.37 0.92 0.64 0.58 0.63 0.63 0.54
0.50 0.50 0.50 0.50 0.50 0.55 0.80 2.29 2.38 0.96 0.81 0.97 2.53 2.53 1.08 0.59 0.50 0.50 0.50 0.50 0.50 0.50 0.50 0.50 0.50 0.50 0.50 0.50 0.50 0.51 0.54 0.57 0.65 0.64 0.67 0.64 0.54 0.51 0.50 0.50 0.50 0.66 0.97 2.22 0.97 0.66 0.66 0.82 1.03 2.23 2.06 0.97 0.73 0.97 0.97 0.97 0.97 1.13 2.22 2.22 0.81 0.66 0.50 0.50 0.50 0.50 0.50 0.50 0.50 0.50 0.50 0.50 0.66 0.81 1.13 2.38 2.69 2.68 2.53 1.07 0.79 0.65 0.64 0.59
0.50 0.50 0.50 0.50 0.66 0.81 2.21 2.36 0.90 0.65 0.50 0.66 0.97 2.38 2.22 0.75 0.44 0.50 0.50 0.50 0.50 0.50 0.50 0.50 0.50 0.50 0.50 0.50 0.50 0.50 0.51 0.56 0.79 0.97 1.11 1.09 0.99 0.81 0.66 0.50 0.50 0.50 0.66 0.81 2.06 0.97 0.81 0.66 0.66 0.98 2.08 0.90 1.76 2.08 2.09 2.10 2.10 2.25 2.25 0.99 0.66 0.50 0.50 0.50 0.50 0.50 0.50 0.50 0.50 0.50 0.50 0.50 0.50 0.50 0.66 0.81 1.13 2.38 2.39 2.25 1.09 0.88 0.72 0.52
0.50 0.50 0.50 0.50 0.73 2.21 2.52 1.05 0.64 0.49 0.50 0.50 0.66 0.97 2.22 1.13 0.75 0.59 0.50 0.50 0.50 0.50 0.50 0.50 0.50 0.50 0.50 0.50 0.66 0.81 0.82 0.68 0.77 1.98 2.12 2.09 2.23 2.06 0.81 0.50 0.50 0.50 0.50 0.66 0.81 2.06 2.06 0.81 0.66 0.68 0.75 0.83 0.88 1.04 1.11 1.14 1.14 1.11 0.95 0.76 0.53 0.51 0.50 0.50 0.50 0.50 0.50 0.50 0.50 0.50 0.50 0.50 0.50 0.50 0.50 0.50 0.66 0.81 0.97 0.98 2.08 2.08 0.98 0.78
0.50 0.50 0.50 0.66 1.00 2.53 2.37 0.80 0.62 0.63 0.63 0.50 0.50 0.66 0.81 2.22 2.22 1.02 0.71 0.66 0.50 0.50 0.50 0.50 0.50 0.50 0.50 0.50 0.66 1.91 1.91 0.67 0.67 0.83 0.98 0.97 1.28 2.22 0.97 0.50 0.50 0.50 0.50 0.50 0.66 0.81 1.13 2.22 0.97 0.71 0.56 0.60 0.65 0.64 0.65 0.66 0.67 0.66 0.66 0.64 0.60 0.52 0.51 0.50 0.50 0.50 0.50 0.50 0.50 0.50 0.50 0.50 0.50 0.50 0.50 0.50 0.50 0.50 0.50 0.66 0.81 0.97 2.22 2.22
0.50 0.50 0.50 0.66 1.95 2.22 0.97 0.66 0.75 1.63 0.75 0.50 0.50 0.50 0.66 0.97 2.22 2.38 2.05 0.98 0.74 0.81 0.81 0.97 0.81 0.66 0.50 0.66 0.81 0.97 0.81 0.66 0.50 0.50 0.50 0.66 0.97 2.06 0.81 0.50 0.50 0.50 0.50 0.50 0.50 0.50 0.97 2.38 2.37 0.68 0.49 0.63 0.62 0.61 0.55 0.60 0.57 0.61 0.61 0.60 0.53 0.57 0.51 0.50 0.50 0.50 0.50 0.50 0.50 0.50 0.50 0.50 0.50 0.50 0.50 0.50 0.50 0.50 0.50 0.51 0.52 0.67 0.98 2.22
0.50 0.50 0.50 0.66 0.73 0.97 0.81 0.66 0.88 1.88 1.00 0.63 0.50 0.50 0.50 0.66 0.81 1.13 2.22 2.22 1.80 0.81 1.91 2.06 2.06 0.81 0.66 0.66 1.75 0.66 0.50 0.50 0.50 0.50 0.50 0.81 2.06 0.97 0.66 0.50 0.50 0.50 0.50 0.50 0.50 0.50 0.97 2.54 2.38 0.75 0.35 0.40 0.54 0.54 0.54 0.51 0.52 0.52 0.52 0.52 0.52 0.51 0.51 0.50 0.51 0.53 0.56 0.53 0.51 0.50 0.50 0.50 0.50 0.50 0.50 0.50 0.50 0.50 0.50 0.51 0.57 0.57 0.66 0.81
0.50 0.50 0.50 0.50 0.45 0.61 1.91 0.97 1.19 2.03 1.88 0.63 0.50 0.50 0.50 0.50 0.50 0.66 0.81 0.97 0.81 0.81 0.81 0.97 1.09 2.03 0.78 0.66 0.66 0.66 0.50 0.50 0.50 0.50 0.66 1.13 2.22 0.97 0.50 0.50 0.50 0.50 0.50 0.50 0.50 0.66 1.13 2.53 2.17 0.56 0.33 0.37 0.40 0.44 0.44 0.46 0.48 0.47 0.47 0.46 0.47 0.47 0.47 0.48 0.52 0.59 0.60 0.59 0.52 0.48 0.47 0.45 0.45 0.50 0.50 0.50 0.45 0.50 0.50 0.51 0.52 0.52 0.51 0.50
0.50 0.50 0.50 0.50 0.50 0.59 0.81 2.22 2.47 2.22 1.03 0.63 0.50 0.50 0.50 0.50 0.50 0.50 0.50 0.50 0.50 0.50 0.51 0.63 1.04 2.03 1.03 0.63 0.50 0.50 0.50 0.50 0.50 0.50 0.81 2.22 2.22 0.81 0.50 0.50 0.50 0.50 0.50 0.50 0.50 0.81 2.38 2.41 0.84 0.49 0.48 0.48 0.49 0.39 0.39 0.50 0.51 0.60 0.49 0.52 0.50 0.50 0.50 0.52 0.63 0.65 0.64 0.66 0.64 0.53 0.50 0.50 0.45 0.45 0.47 0.45 0.45 0.45 0.45 0.45 0.50 0.50 0.50 0.50
0.50 0.50 0.50 0.50 0.45 0.45 0.66 0.97 2.50 2.34 0.94 0.50 0.50 0.50 0.50 0.50 0.50 0.50 0.50 0.50 0.50 0.50 0.63 0.94 2.02 2.02 1.78 0.65 0.51 0.50 0.50 0.50 0.50 0.50 0.81 2.22 1.13 0.81 0.50 0.50 0.50 0.50 0.50 0.50 0.66 0.96 2.36 1.92 0.54 0.37 0.42 0.50 0.44 0.42 0.42 0.44 0.51 0.46 0.53 0.52 0.50 0.50 0.51 0.53 0.62 0.63 0.64 0.67 0.65 0.56 0.51 0.50 0.50 0.50 0.50 0.50 0.50 0.50 0.50 0.44 0.44 0.50 0.50 0.50
0.50 0.50 0.50 0.66 0.71 0.81 0.66 0.66 1.13 2.22 0.97 0.50 0.50 0.50 0.50 0.50 0.50 0.50 0.50 0.50 0.63 0.75 0.88 1.89 1.92 1.13 0.89 0.75 0.53 0.50 0.50 0.50 0.50 0.50 0.66 0.97 2.06 0.81 0.50 0.50 0.50 0.50 0.66 0.81 0.96 2.04 0.78 0.58 0.41 0.30 0.37 0.37 0.41 0.49 0.50 0.41 0.39 0.41 0.51 0.51 0.50 0.50 0.52 0.59 0.62 0.62 0.62 0.65 0.64 0.56 0.51 0.50 0.50 0.50 0.50 0.50 0.50 0.50 0.50 0.50 0.45 0.45 0.47 0.45
0.50 0.50 0.66 0.83 2.27 2.22 0.81 0.50 0.97 2.06 0.97 0.50 0.50 0.50 0.50 0.50 0.50 0.50 0.63 0.75 1.00 1.88 1.89 0.91 0.88 0.79 0.68 0.65 0.56 0.51 0.50 0.50 0.50 0.50 0.50 0.81 2.06 1.13 0.97 0.97 0.97 0.97 1.13 2.21 2.20 0.65 0.46 0.28 0.28 0.29 0.30 0.32 0.36 0.50 0.43 0.39 0.39 0.42 0.44 0.47 0.50 0.51 0.52 0.60 0.61 0.60 0.54 0.60 0.56 0.55 0.51 0.51 0.50 0.50 0.50 0.50 0.50 0.50 0.50 0.50 0.50 0.50 0.50 0.50
