compareData/cost.asc
nCols	220
nRows	174
xllCorner	-88.68333
yllCorner	37.64167
cellSize	8.333334E-03
NODATA_value	-9999
[rows 76 to 113 of 174, columns 84 to 167 of 220]
0.50 0.53 0.50 0.50 0.50 0.50 0.45 0.50 0.47 0.50 0.50 0.50 0.50 0.50 0.50 0.51 0.51 0.51 0.50 0.50 0.41 0.39 0.50 0.50 0.49 0.45 0.45 0.50 0.50 0.50 0.50 0.50 0.50 0.50 0.50 0.52 0.58 0.59 0.58 0.59 0.73 0.68 0.66 0.46 0.44 0.52 0.57 0.64 0.63 0.52 0.51 0.51 0.51 0.50 0.50 0.50 0.44 0.46 0.52 0.56 0.64 0.57 0.55 0.57 0.64 0.64 0.63 0.55 0.51 0.52 0.59 0.59 0.52 0.51 0.52 0.52 0.53 0.53 0.53 0.52 0.52 0.52 0.46 0.51
0.47 0.47 0.47 0.47 0.47 0.45 0.47 0.50 0.47 0.50 0.50 0.50 0.50 0.50 0.50 0.50 0.50 0.50 0.50 0.50 0.42 0.41 0.43 0.48 0.47 0.37 0.48 0.50 0.50 0.50 0.50 0.50 0.50 0.50 0.50 0.52 0.58 0.53 0.52 0.53 0.73 1.77 0.72 0.51 0.45 0.49 0.67 0.68 0.64 0.50 0.53 0.53 0.53 0.51 0.51 0.44 0.44 0.50 0.50 0.52 0.49 0.56 0.64 0.64 0.63 0.64 0.63 0.61 0.53 0.52 0.52 0.52 0.52 0.50 0.50 0.50 0.52 0.58 0.59 0.58 0.53 0.52 0.54 0.52
0.50 0.50 0.50 0.50 0.50 0.50 0.50 0.50 0.47 0.50 0.50 0.50 0.50 0.50 0.50 0.50 0.50 0.50 0.50 0.44 0.44 0.50 0.45 0.37 0.34 0.35 0.48 0.50 0.50 0.50 0.50 0.50 0.50 0.50 0.50 0.51 0.51 0.51 0.50 0.51 0.66 0.67 0.66 0.51 0.54 0.50 0.58 0.66 0.48 0.47 0.51 0.52 0.52 0.55 0.47 0.44 0.50 0.50 0.50 0.44 0.47 0.56 0.57 0.57 0.58 0.63 0.64 0.61 0.59 0.52 0.52 0.58 0.53 0.52 0.51 0.50 0.52 0.58 0.54 0.54 0.53 0.52 0.62 0.59
0.50 0.50 0.50 0.50 0.50 0.50 0.50 0.50 0.47 0.50 0.50 0.50 0.50 0.50 0.50 0.50 0.50 0.50 0.50 0.42 0.44 0.50 0.49 0.47 0.33 0.32 0.41 0.49 0.50 0.50 0.50 0.50 0.50 0.50 0.50 0.50 0.50 0.50 0.50 0.50 0.50 0.50 0.50 0.51 0.54 0.57 0.55 0.49 0.47 0.51 0.51 0.51 0.57 0.48 0.45 0.51 0.50 0.45 0.44 0.46 0.51 0.51 0.51 0.55 0.56 0.56 0.56 0.57 0.61 0.54 0.54 0.61 0.62 0.60 0.53 0.51 0.51 0.52 0.52 0.59 0.52 0.53 0.61 0.59
0.50 0.50 0.50 0.50 0.50 0.50 0.50 0.50 0.47 0.50 0.50 0.50 0.50 0.50 0.50 0.50 0.50 0.50 0.42 0.41 0.50 0.50 0.50 0.48 0.40 0.30 0.34 0.48 0.49 0.50 0.50 0.50 0.50 0.51 0.54 0.51 0.50 0.50 0.50 0.50 0.50 0.50 0.50 0.51 0.54 0.56 0.56 0.44 0.45 0.54 0.55 0.53 0.46 0.46 0.51 0.44 0.44 0.45 0.50 0.50 0.50 0.51 0.51 0.52 0.57 0.52 0.51 0.52 0.54 0.55 0.62 0.63 0.65 0.65 0.63 0.53 0.52 0.52 0.59 0.54 0.54 0.50 0.61 0.55
0.50 0.50 0.50 0.50 0.50 0.50 0.50 0.50 0.47 0.50 0.50 0.50 0.50 0.45 0.44 0.44 0.42 0.41 0.41 0.43 0.45 0.47 0.51 0.42 0.32 0.29 0.31 0.41 0.48 0.51 0.51 0.51 0.51 0.55 0.58 0.52 0.53 0.50 0.50 0.50 0.50 0.50 0.50 0.51 0.54 0.54 0.50 0.47 0.47 0.48 0.55 0.52 0.46 0.53 0.43 0.44 0.50 0.50 0.50 0.50 0.50 0.51 0.56 0.52 0.51 0.51 0.50 0.50 0.51 0.52 0.55 0.56 0.58 0.64 0.61 0.59 0.52 0.59 0.58 0.53 0.59 0.55 0.60 0.60
0.50 0.50 0.50 0.50 0.50 0.50 0.50 0.50 0.45 0.50 0.45 0.45 0.45 0.45 0.50 0.42 0.39 0.39 0.41 0.51 0.57 0.48 0.41 0.41 0.35 0.34 0.46 0.49 0.66 0.53 0.59 0.52 0.53 0.60 0.60 0.53 0.51 0.50 0.50 0.50 0.50 0.50 0.50 0.50 0.51 0.55 0.49 0.61 0.60 0.45 0.41 0.43 0.54 0.44 0.45 0.51 0.51 0.51 0.51 0.51 0.51 0.51 0.51 0.51 0.50 0.50 0.50 0.50 0.50 0.51 0.51 0.52 0.53 0.58 0.53 0.53 0.58 0.53 0.53 0.54 0.53 0.57 0.62 0.56
0.50 0.50 0.50 0.50 0.50 0.50 0.50 0.50 0.44 0.42 0.45 0.50 0.50 0.50 0.50 0.45 0.50 0.41 0.43 0.50 0.51 0.43 0.45 0.50 0.48 0.48 0.65 1.75 0.74 0.76 0.60 0.59 0.52 0.59 0.59 0.58 0.51 0.50 0.50 0.50 0.50 0.50 0.50 0.50 0.52 0.55 0.56 0.60 0.63 0.51 0.45 0.46 0.46 0.49 0.52 0.53 0.59 0.53 0.54 0.53 0.53 0.50 0.50 0.50 0.50 0.50 0.50 0.50 0.50 0.52 0.58 0.53 0.53 0.53 0.53 0.53 0.54 0.55 0.55 0.53 0.54 0.63 0.62 0.62
0.45 0.47 0.47 0.47 0.47 0.47 0.47 0.44 0.42 0.50 0.50 0.50 0.50 0.50 0.50 0.45 0.50 0.42 0.39 0.42 0.39 0.45 0.51 0.50 0.66 0.82 1.20 1.36 2.14 0.81 0.55 0.53 0.52 0.52 0.52 0.52 0.51 0.50 0.50 0.50 0.50 0.50 0.50 0.50 0.51 0.60 0.50 0.54 0.58 0.57 0.68 0.54 0.46 0.48 0.60 0.60 0.59 0.58 0.51 0.51 0.51 0.50 0.50 0.50 0.50 0.51 0.51 0.51 0.51 0.53 0.60 0.61 0.60 0.60 0.60 0.59 0.52 0.53 0.52 0.54 0.63 0.63 0.63 0.63
0.50 0.50 0.50 0.50 0.50 0.50 0.50 0.50 0.44 0.44 0.47 0.47 0.47 0.47 0.44 0.44 0.50 0.41 0.39 0.42 0.50 0.52 0.51 0.66 0.98 2.38 2.55 2.70 2.40 1.05 0.53 0.46 0.46 0.52 0.52 0.52 0.52 0.51 0.50 0.50 0.50 0.50 0.50 0.50 0.51 0.51 0.46 0.53 0.53 0.54 0.54 0.60 0.60 0.55 0.62 0.61 0.55 0.53 0.51 0.50 0.50 0.50 0.50 0.50 0.50 0.51 0.57 0.52 0.53 0.60 0.61 0.61 0.60 0.60 0.60 0.59 0.52 0.48 0.53 0.61 0.61 0.62 0.63 0.62
0.45 0.50 0.50 0.50 0.50 0.50 0.50 0.50 0.45 0.50 0.50 0.50 0.50 0.50 0.50 0.41 0.39 0.40 0.42 0.52 0.51 0.50 0.67 1.03 2.54 2.84 3.00 2.85 2.39 0.84 0.52 0.52 0.51 0.53 0.59 0.59 0.57 0.51 0.50 0.50 0.50 0.50 0.50 0.50 0.50 0.50 0.43 0.41 0.48 0.50 0.54 0.65 0.66 0.58 0.50 0.61 0.60 0.54 0.55 0.52 0.51 0.50 0.50 0.50 0.50 0.51 0.52 0.58 0.59 0.59 0.59 0.53 0.52 0.52 0.52 0.52 0.52 0.68 0.74 0.69 0.53 0.59 0.60 0.59
0.45 0.50 0.50 0.50 0.50 0.50 0.50 0.50 0.44 0.50 0.50 0.50 0.50 0.50 0.44 0.42 0.41 0.41 0.50 0.71 0.77 0.88 0.91 2.35 2.70 3.00 3.00 2.85 1.50 0.98 0.66 0.52 0.59 0.51 0.50 0.53 0.52 0.51 0.50 0.50 0.50 0.50 0.51 0.53 0.51 0.50 0.39 0.33 0.42 0.37 0.48 0.58 0.60 0.60 0.51 0.54 0.61 0.61 0.62 0.56 0.53 0.51 0.50 0.50 0.50 0.50 0.51 0.52 0.52 0.52 0.52 0.51 0.50 0.50 0.50 0.50 0.51 0.78 2.08 0.98 0.66 0.52 0.52 0.52
0.47 0.50 0.50 0.50 0.50 0.50 0.50 0.45 0.44 0.45 0.45 0.44 0.42 0.42 0.44 0.50 0.52 0.48 0.52 0.73 1.77 1.88 1.91 1.25 2.69 3.00 3.00 2.85 2.70 2.23 0.81 0.51 0.52 0.44 0.42 0.44 0.45 0.47 0.47 0.47 0.47 0.48 0.51 0.50 0.46 0.42 0.39 0.34 0.33 0.33 0.36 0.41 0.47 0.42 0.61 0.50 0.49 0.62 0.61 0.57 0.54 0.51 0.50 0.50 0.50 0.50 0.50 0.50 0.50 0.50 0.50 0.50 0.50 0.50 0.50 0.49 0.44 0.77 2.23 2.23 0.82 0.52 0.52 0.53
0.47 0.50 0.50 0.50 0.50 0.50 0.50 0.45 0.50 0.50 0.50 0.41 0.41 0.44 0.50 0.50 0.52 0.51 0.53 0.71 0.89 1.88 0.88 0.94 2.38 2.84 3.00 3.00 3.00 2.53 0.97 0.50 0.44 0.44 0.50 0.44 0.50 0.50 0.50 0.51 0.51 0.53 0.54 0.54 0.51 0.35 0.40 0.48 0.41 0.35 0.41 0.48 0.49 0.52 0.50 0.49 0.52 0.61 0.61 0.56 0.54 0.51 0.50 0.50 0.50 0.50 0.50 0.50 0.50 0.50 0.50 0.50 0.50 0.50 0.49 0.40 0.35 0.70 0.98 2.09 0.82 0.47 0.59 0.61
0.47 0.50 0.50 0.50 0.50 0.50 0.50 0.45 0.50 0.50 0.44 0.44 0.50 0.50 0.50 0.50 0.51 0.45 0.52 0.52 0.63 0.63 0.63 0.66 0.97 2.38 2.53 2.53 2.53 2.22 0.81 0.44 0.44 0.50 0.50 0.47 0.50 0.50 0.51 0.53 0.53 0.51 0.51 0.51 0.51 0.46 0.42 0.49 0.48 0.43 0.48 0.49 0.51 0.52 0.53 0.48 0.49 0.61 0.56 0.55 0.51 0.50 0.45 0.44 0.45 0.50 0.50 0.50 0.50 0.50 0.50 0.51 0.51 0.51 0.43 0.36 0.37 0.42 0.60 0.66 0.67 0.54 0.56 0.57
0.47 0.50 0.50 0.50 0.50 0.50 0.50 0.42 0.42 0.44 0.45 0.50 0.50 0.50 0.50 0.50 0.45 0.45 0.50 0.50 0.50 0.50 0.50 0.50 0.66 0.81 0.97 0.97 0.97 0.82 0.60 0.45 0.51 0.51 0.51 0.47 0.50 0.51 0.53 0.53 0.51 0.50 0.50 0.51 0.45 0.52 0.46 0.44 0.42 0.44 0.50 0.50 0.50 0.50 0.51 0.45 0.45 0.46 0.49 0.48 0.47 0.45 0.45 0.50 0.45 0.45 0.47 0.47 0.47 0.47 0.47 0.47 0.51 0.43 0.40 0.48 0.48 0.40 0.43 0.53 0.63 0.63 0.63 0.62
0.46 0.50 0.50 0.50 0.50 0.50 0.44 0.42 0.44 0.50 0.50 0.50 0.50 0.50 0.50 0.50 0.45 0.50 0.50 0.50 0.50 0.50 0.50 0.50 0.50 0.50 0.50 0.50 0.52 0.49 0.49 0.56 0.55 0.55 0.55 0.48 0.51 0.53 0.51 0.51 0.50 0.50 0.50 0.44 0.45 0.50 0.50 0.50 0.42 0.44 0.50 0.50 0.50 0.50 0.50 0.50 0.43 0.41 0.51 0.50 0.50 0.50 0.50 0.50 0.50 0.50 0.50 0.51 0.51 0.50 0.50 0.51 0.51 0.41 0.42 0.45 0.45 0.45 0.52 0.60 0.63 0.63 0.63 0.62
0.42 0.50 0.50 0.50 0.45 0.44 0.45 0.50 0.50 0.50 0.50 0.50 0.50 0.50 0.50 0.50 0.47 0.50 0.50 0.50 0.50 0.50 0.50 0.50 0.50 0.50 0.50 0.46 0.49 0.58 0.67 0.60 0.60 0.63 0.57 0.51 0.51 0.50 0.50 0.50 0.50 0.50 0.44 0.44 0.50 0.50 0.50 0.50 0.50 0.45 0.50 0.50 0.50 0.50 0.50 0.50 0.50 0.45 0.45 0.47 0.47 0.47 0.47 0.48 0.48 0.46 0.44 0.47 0.54 0.45 0.44 0.44 0.43 0.43 0.50 0.50 0.50 0.50 0.52 0.60 0.63 0.63 0.63 0.62
0.39 0.42 0.50 0.44 0.44 0.51 0.52 0.52 0.51 0.50 0.50 0.50 0.50 0.50 0.50 0.50 0.47 0.50 0.50 0.50 0.50 0.50 0.50 0.50 0.50 0.50 0.44 0.47 0.56 0.64 0.62 0.61 0.61 0.62 0.63 0.52 0.51 0.50 0.50 0.50 0.50 0.45 0.44 0.50 0.50 0.50 0.50 0.50 0.50 0.46 0.49 0.49 0.50 0.50 0.50 0.50 0.50 0.50 0.50 0.50 0.50 0.50 0.51 0.54 0.55 0.53 0.41 0.44 0.46 0.47 0.45 0.53 0.45 0.47 0.51 0.50 0.50 0.50 0.52 0.59 0.62 0.63 0.63 0.63
0.38 0.39 0.39 0.41 0.50 0.51 0.57 0.73 0.66 0.66 0.50 0.50 0.50 0.50 0.50 0.50 0.47 0.50 0.50 0.50 0.50 0.50 0.50 0.50 0.50 0.44 0.44 0.53 0.55 0.55 0.56 0.55 0.54 0.61 0.61 0.54 0.55 0.51 0.50 0.50 0.50 0.44 0.50 0.50 0.50 0.50 0.50 0.50 0.50 0.46 0.44 0.49 0.50 0.50 0.50 0.50 0.50 0.50 0.50 0.50 0.50 0.51 0.49 0.51 0.57 0.55 0.52 0.48 0.52 0.52 0.55 0.55 0.48 0.53 0.53 0.51 0.51 0.50 0.51 0.53 0.61 0.63 0.63 0.63
0.39 0.41 0.42 0.54 0.66 0.68 0.67 0.83 1.91 0.81 0.50 0.50 0.50 0.51 0.52 0.52 0.46 0.50 0.50 0.50 0.50 0.50 0.50 0.50 0.44 0.44 0.51 0.51 0.51 0.51 0.51 0.51 0.54 0.53 0.59 0.56 0.58 0.51 0.50 0.50 0.44 0.45 0.50 0.50 0.50 0.50 0.50 0.50 0.50 0.46 0.49 0.49 0.50 0.50 0.50 0.50 0.50 0.50 0.45 0.45 0.47 0.46 0.49 0.59 0.60 0.60 0.60 0.55 0.51 0.52 0.59 0.58 0.48 0.51 0.53 0.55 0.54 0.50 0.50 0.52 0.60 0.63 0.63 0.63
0.45 0.63 0.64 0.91 2.00 1.94 0.68 0.81 1.91 0.81 0.50 0.50 0.50 0.51 0.58 0.52 0.46 0.50 0.50 0.50 0.50 0.50 0.45 0.44 0.46 0.51 0.53 0.48 0.45 0.45 0.46 0.51 0.50 0.52 0.50 0.45 0.52 0.51 0.50 0.44 0.44 0.50 0.50 0.50 0.50 0.50 0.50 0.50 0.50 0.47 0.50 0.50 0.50 0.50 0.50 0.45 0.45 0.45 0.45 0.50 0.50 0.51 0.54 0.55 0.53 0.52 0.52 0.54 0.51 0.54 0.55 0.57 0.41 0.50 0.59 0.59 0.52 0.50 0.49 0.51 0.59 0.62 0.63 0.63
0.52 0.69 1.52 0.98 1.96 1.95 0.68 0.59 0.66 0.66 0.50 0.50 0.50 0.51 0.53 0.51 0.52 0.50 0.50 0.50 0.50 0.44 0.44 0.50 0.51 0.54 0.54 0.45 0.50 0.50 0.46 0.49 0.50 0.40 0.38 0.43 0.45 0.45 0.42 0.42 0.50 0.50 0.50 0.50 0.50 0.50 0.50 0.50 0.50 0.44 0.50 0.45 0.45 0.47 0.45 0.45 0.50 0.50 0.50 0.50 0.50 0.50 0.51 0.51 0.50 0.50 0.50 0.50 0.51 0.51 0.54 0.46 0.40 0.53 0.60 0.60 0.53 0.49 0.44 0.51 0.54 0.62 0.62 0.61
0.68 0.79 0.65 0.83 0.83 0.76 0.63 0.44 0.42 0.44 0.42 0.43 0.46 0.49 0.47 0.44 0.51 0.50 0.50 0.45 0.44 0.45 0.50 0.50 0.47 0.48 0.48 0.47 0.50 0.50 0.50 0.51 0.56 0.50 0.43 0.49 0.50 0.50 0.41 0.41 0.50 0.50 0.50 0.50 0.50 0.50 0.50 0.44 0.41 0.41 0.39 0.41 0.50 0.50 0.50 0.50 0.50 0.50 0.50 0.50 0.50 0.50 0.50 0.50 0.50 0.50 0.50 0.50 0.50 0.50 0.50 0.43 0.50 0.51 0.55 0.61 0.52 0.49 0.49 0.50 0.58 0.59 0.59 0.53
1.78 0.68 0.53 0.53 0.53 0.52 0.51 0.45 0.50 0.44 0.42 0.41 0.49 0.62 0.46 0.42 0.44 0.47 0.45 0.45 0.50 0.50 0.50 0.50 0.46 0.51 0.51 0.50 0.50 0.50 0.50 0.51 0.51 0.51 0.45 0.50 0.50 0.50 0.41 0.41 0.44 0.47 0.47 0.47 0.47 0.47 0.45 0.42 0.38 0.38 0.40 0.44 0.45 0.47 0.47 0.47 0.47 0.47 0.47 0.47 0.47 0.47 0.47 0.47 0.47 0.47 0.47 0.47 0.47 0.45 0.44 0.45 0.50 0.50 0.51 0.51 0.51 0.50 0.50 0.51 0.52 0.53 0.52 0.51
1.05 0.91 0.60 0.59 0.54 0.58 0.52 0.47 0.50 0.50 0.50 0.51 0.47 0.47 0.45 0.40 0.50 0.50 0.50 0.50 0.50 0.50 0.50 0.50 0.45 0.50 0.50 0.50 0.50 0.50 0.50 0.50 0.50 0.50 0.42 0.41 0.44 0.44 0.44 0.44 0.50 0.50 0.50 0.50 0.50 0.50 0.50 0.49 0.35 0.35 0.49 0.50 0.50 0.50 0.50 0.50 0.50 0.50 0.50 0.50 0.50 0.50 0.50 0.50 0.50 0.50 0.50 0.50 0.50 0.50 0.42 0.50 0.50 0.50 0.50 0.51 0.51 0.51 0.50 0.50 0.53 0.50 0.50 0.50
1.95 0.77 0.61 0.59 0.60 0.59 0.54 0.49 0.52 0.51 0.50 0.50 0.50 0.51 0.43 0.41 0.42 0.50 0.50 0.50 0.50 0.50 0.50 0.42 0.42 0.50 0.50 0.50 0.50 0.50 0.45 0.45 0.47 0.44 0.41 0.39 0.42 0.50 0.50 0.50 0.50 0.50 0.50 0.50 0.50 0.50 0.50 0.49 0.41 0.41 0.49 0.50 0.50 0.50 0.50 0.50 0.50 0.50 0.50 0.50 0.50 0.50 0.50 0.50 0.50 0.50 0.50 0.50 0.45 0.44 0.47 0.50 0.50 0.50 0.50 0.51 0.56 0.51 0.50 0.50 0.50 0.51 0.50 0.50
0.82 0.69 0.53 0.53 0.53 0.57 0.63 0.56 0.55 0.53 0.51 0.50 0.50 0.50 0.50 0.42 0.42 0.44 0.45 0.50 0.50 0.50 0.42 0.41 0.42 0.45 0.47 0.47 0.47 0.45 0.45 0.50 0.50 0.50 0.41 0.41 0.50 0.50 0.50 0.50 0.50 0.50 0.50 0.50 0.50 0.50 0.50 0.50 0.42 0.41 0.50 0.50 0.50 0.50 0.50 0.50 0.50 0.50 0.50 0.50 0.50 0.50 0.50 0.50 0.51 0.52 0.52 0.44 0.44 0.50 0.50 0.50 0.50 0.50 0.50 0.51 0.51 0.52 0.51 0.51 0.50 0.51 0.50 0.46
0.53 0.46 0.44 0.51 0.54 0.56 0.61 0.53 0.49 0.54 0.51 0.50 0.50 0.50 0.51 0.43 0.51 0.51 0.43 0.43 0.44 0.41 0.39 0.39 0.50 0.50 0.50 0.50 0.50 0.50 0.50 0.50 0.50 0.50 0.42 0.44 0.50 0.50 0.50 0.50 0.50 0.50 0.50 0.50 0.50 0.50 0.50 0.50 0.42 0.39 0.42 0.50 0.50 0.50 0.50 0.50 0.50 0.50 0.51 0.51 0.50 0.50 0.51 0.52 0.53 0.59 0.52 0.46 0.51 0.50 0.50 0.50 0.50 0.50 0.50 0.50 0.50 0.52 0.58 0.53 0.53 0.56 0.51 0.54
0.56 0.51 0.45 0.44 0.49 0.55 0.56 0.45 0.46 0.53 0.51 0.50 0.51 0.52 0.46 0.48 0.49 0.51 0.51 0.55 0.47 0.42 0.41 0.41 0.42 0.50 0.50 0.50 0.50 0.50 0.50 0.50 0.50 0.42 0.42 0.50 0.50 0.50 0.50 0.50 0.50 0.50 0.50 0.50 0.50 0.50 0.50 0.50 0.41 0.39 0.41 0.45 0.50 0.50 0.50 0.50 0.50 0.51 0.54 0.54 0.51 0.50 0.51 0.57 0.54 0.53 0.56 0.59 0.52 0.50 0.50 0.50 0.50 0.50 0.50 0.50 0.51 0.53 0.63 0.61 0.61 0.63 0.58 0.63
0.51 0.51 0.50 0.50 0.46 0.47 0.46 0.42 0.42 0.51 0.51 0.52 0.48 0.46 0.49 0.50 0.63 0.63 0.61 0.55 0.51 0.50 0.50 0.42 0.41 0.42 0.50 0.50 0.50 0.50 0.50 0.50 0.45 0.41 0.42 0.50 0.50 0.50 0.50 0.50 0.50 0.50 0.45 0.45 0.47 0.47 0.47 0.44 0.41 0.39 0.50 0.42 0.50 0.50 0.50 0.50 0.51 0.53 0.59 0.55 0.51 0.50 0.51 0.45 0.46 0.60 0.62 0.60 0.52 0.50 0.50 0.50 0.50 0.50 0.50 0.50 0.52 0.60 0.62 0.63 0.63 0.65 0.51 0.53
0.44 0.50 0.50 0.50 0.50 0.51 0.43 0.40 0.39 0.41 0.45 0.49 0.55 0.50 0.48 0.50 0.51 0.49 0.53 0.51 0.50 0.50 0.50 0.50 0.39 0.41 0.44 0.45 0.45 0.50 0.50 0.50 0.42 0.50 0.42 0.44 0.47 0.47 0.47 0.47 0.47 0.45 0.45 0.50 0.50 0.50 0.50 0.50 0.42 0.42 0.42 0.44 0.44 0.47 0.47 0.47 0.47 0.55 0.57 0.53 0.49 0.46 0.44 0.44 0.51 0.53 0.61 0.60 0.52 0.50 0.50 0.51 0.52 0.52 0.51 0.51 0.48 0.54 0.58 0.58 0.59 0.55 0.51 0.51
0.44 0.44 0.50 0.50 0.50 0.50 0.50 0.39 0.38 0.39 0.44 0.62 0.61 0.60 0.43 0.43 0.54 0.46 0.45 0.47 0.47 0.47 0.47 0.44 0.41 0.39 0.50 0.50 0.41 0.41 0.42 0.41 0.41 0.39 0.41 0.50 0.50 0.50 0.50 0.50 0.50 0.50 0.50 0.50 0.50 0.50 0.50 0.50 0.45 0.50 0.50 0.44 0.50 0.50 0.50 0.50 0.51 0.52 0.59 0.61 0.54 0.50 0.42 0.50 0.50 0.52 0.60 0.60 0.52 0.50 0.44 0.43 0.49 0.50 0.47 0.47 0.55 0.60 0.55 0.60 0.62 0.63 0.53 0.53
0.50 0.44 0.44 0.50 0.66 0.55 0.54 0.41 0.39 0.41 0.55 0.55 0.53 0.52 0.45 0.44 0.50 0.50 0.50 0.50 0.50 0.50 0.50 0.50 0.39 0.39 0.41 0.41 0.41 0.39 0.41 0.39 0.39 0.38 0.39 0.42 0.44 0.45 0.50 0.50 0.50 0.50 0.50 0.50 0.50 0.50 0.50 0.50 0.44 0.50 0.50 0.44 0.50 0.50 0.50 0.50 0.50 0.51 0.52 0.52 0.52 0.43 0.42 0.50 0.50 0.52 0.60 0.53 0.46 0.44 0.44 0.43 0.44 0.51 0.54 0.60 0.62 0.61 0.55 0.55 0.62 0.63 0.62 0.55
0.50 0.50 0.44 0.42 0.55 1.64 0.72 0.66 0.42 0.45 0.54 0.54 0.51 0.50 0.45 0.50 0.50 0.50 0.50 0.50 0.50 0.50 0.50 0.44 0.42 0.42 0.42 0.41 0.41 0.50 0.41 0.50 0.39 0.38 0.38 0.39 0.50 0.41 0.42 0.44 0.44 0.42 0.42 0.42 0.44 0.45 0.47 0.45 0.44 0.44 0.42 0.42 0.41 0.42 0.44 0.51 0.51 0.47 0.47 0.47 0.44 0.41 0.40 0.41 0.45 0.48 0.55 0.53 0.51 0.51 0.50 0.50 0.51 0.52 0.59 0.59 0.61 0.61 0.61 0.61 0.62 0.63 0.62 0.49
0.50 0.50 0.50 0.41 0.55 0.89 1.93 0.66 0.50 0.44 0.54 0.54 0.55 0.52 0.45 0.50 0.50 0.50 0.50 0.45 0.45 0.47 0.44 0.44 0.50 0.50 0.50 0.50 0.44 0.42 0.44 0.44 0.42 0.41 0.41 0.42 0.41 0.41 0.42 0.50 0.44 0.42 0.42 0.41 0.41 0.51 0.50 0.50 0.50 0.44 0.50 0.42 0.41 0.42 0.44 0.47 0.53 0.49 0.60 0.63 0.46 0.43 0.41 0.41 0.44 0.59 0.62 0.62 0.55 0.52 0.51 0.50 0.50 0.51 0.52 0.52 0.53 0.60 0.62 0.63 0.63 0.63 0.56 0.54
0.50 0.50 0.44 0.44 0.52 0.75 0.75 0.67 0.44 0.43 0.52 0.55 0.57 0.52 0.46 0.44 0.47 0.47 0.45 0.45 0.50 0.50 0.50 0.45 0.50 0.50 0.50 0.50 0.50 0.42 0.50 0.50 0.50 0.44 0.50 0.50 0.42 0.41 0.50 0.50 0.50 0.50 0.50 0.50 0.48 0.46 0.46 0.50 0.50 0.45 0.50 0.42 0.50 0.50 0.50 0.52 0.58 0.61 0.63 0.65 0.52 0.43 0.51 0.50 0.45 0.59 0.61 0.61 0.61 0.59 0.53 0.51 0.50 0.50 0.50 0.50 0.51 0.52 0.60 0.62 0.63 0.62 0.61 0.54
0.44 0.42 0.42 0.51 0.53 0.60 0.59 0.52 0.42 0.40 0.46 0.52 0.56 0.51 0.43 0.53 0.50 0.50 0.50 0.50 0.50 0.50 0.50 0.47 0.50 0.50 0.50 0.50 0.45 0.45 0.50 0.50 0.50 0.47 0.50 0.50 0.50 0.44 0.45 0.50 0.50 0.50 0.50 0.50 0.51 0.51 0.44 0.44 0.50 0.42 0.39 0.42 0.44 0.47 0.47 0.48 0.51 0.53 0.59 0.55 0.46 0.44 0.44 0.46 0.48 0.52 0.53 0.60 0.62 0.61 0.59 0.54 0.52 0.52 0.52 0.51 0.50 0.51 0.52 0.59 0.61 0.61 0.55 0.49
