compareData/cost.asc
nCols	220
nRows	174
xllCorner	-88.68333
yllCorner	37.64167
cellSize	8.333334E-03
NODATA_value	-9999
[rows 114 to 151 of 174, columns 0 to 83 of 220]
-9999 -9999 -9999 -9999 -9999 -9999 0.55 0.49 0.52 0.50 0.45 0.50 0.50 0.45 0.50 0.50 0.50 0.50 0.53 0.53 0.53 0.51 0.52 0.58 0.52 0.52 0.57 0.48 0.50 0.50 0.51 0.57 0.54 0.51 0.50 0.50 0.50 0.50 0.50 0.50 0.50 0.47 0.50 0.50 0.50 0.50 0.50 0.50 0.45 0.50 0.50 0.50 0.50 0.50 0.47 0.50 0.50 0.50 0.50 0.50 0.53 0.51 0.48 0.51 0.56 0.51 0.50 0.50 0.50 0.50 0.44 0.44 0.50 0.50 0.50 0.50 0.50 0.50 0.45 0.53 0.61 0.55 0.43 0.41
-9999 -9999 -9999 -9999 -9999 -9999 -9999 0.56 0.55 0.50 0.45 0.50 0.50 0.47 0.50 0.50 0.50 0.47 0.51 0.51 0.51 0.50 0.51 0.51 0.52 0.57 0.52 0.46 0.50 0.51 0.52 0.52 0.48 0.51 0.50 0.50 0.50 0.50 0.50 0.50 0.50 0.47 0.50 0.50 0.50 0.50 0.50 0.50 0.47 0.50 0.50 0.50 0.50 0.50 0.47 0.50 0.50 0.50 0.50 0.50 0.51 0.57 0.46 0.51 0.51 0.51 0.50 0.50 0.50 0.42 0.41 0.50 0.50 0.50 0.50 0.50 0.50 0.42 0.41 0.52 0.46 0.46 0.51 0.52
-9999 -9999 -9999 -9999 -9999 -9999 -9999 0.57 0.54 0.52 0.47 0.45 0.50 0.46 0.51 0.51 0.50 0.47 0.50 0.50 0.50 0.50 0.50 0.51 0.52 0.52 0.46 0.45 0.51 0.53 0.58 0.52 0.47 0.50 0.50 0.50 0.50 0.50 0.50 0.50 0.50 0.47 0.50 0.50 0.50 0.50 0.50 0.50 0.44 0.50 0.50 0.50 0.50 0.50 0.45 0.50 0.50 0.50 0.50 0.50 0.51 0.46 0.46 0.50 0.50 0.50 0.50 0.50 0.44 0.42 0.44 0.45 0.47 0.47 0.45 0.44 0.41 0.41 0.42 0.44 0.45 0.51 0.51 0.52
-9999 -9999 -9999 -9999 -9999 -9999 -9999 -9999 0.53 0.57 0.57 0.45 0.41 0.46 0.57 0.50 0.48 0.46 0.49 0.50 0.50 0.50 0.50 0.51 0.56 0.51 0.46 0.50 0.52 0.59 0.61 0.55 0.48 0.51 0.50 0.50 0.50 0.50 0.50 0.50 0.50 0.45 0.50 0.50 0.50 0.50 0.45 0.42 0.44 0.44 0.47 0.47 0.47 0.44 0.45 0.50 0.50 0.51 0.52 0.52 0.53 0.50 0.52 0.51 0.50 0.50 0.50 0.44 0.44 0.50 0.50 0.50 0.50 0.50 0.50 0.41 0.41 0.44 0.50 0.50 0.50 0.50 0.50 0.51
-9999 -9999 -9999 -9999 -9999 -9999 -9999 -9999 0.52 0.52 0.52 0.51 0.43 0.48 0.45 0.44 0.41 0.37 0.48 0.49 0.50 0.50 0.51 0.52 0.52 0.52 0.48 0.53 0.53 0.58 0.53 0.52 0.50 0.53 0.51 0.50 0.50 0.50 0.50 0.50 0.49 0.45 0.43 0.47 0.47 0.45 0.45 0.50 0.44 0.51 0.51 0.51 0.50 0.50 0.45 0.50 0.50 0.52 0.59 0.60 0.59 0.54 0.56 0.50 0.45 0.45 0.45 0.44 0.50 0.50 0.50 0.44 0.44 0.45 0.45 0.45 0.50 0.50 0.50 0.50 0.50 0.50 0.50 0.50
-9999 -9999 -9999 -9999 -9999 -9999 -9999 -9999 -9999 0.51 0.51 0.50 0.46 0.51 0.49 0.33 0.30 0.32 0.40 0.48 0.49 0.50 0.51 0.58 0.58 0.52 0.48 0.54 0.55 0.52 0.52 0.53 0.52 0.55 0.52 0.51 0.51 0.50 0.50 0.50 0.49 0.40 0.49 0.50 0.50 0.50 0.50 0.50 0.47 0.51 0.56 0.51 0.50 0.50 0.47 0.50 0.50 0.52 0.58 0.59 0.56 0.39 0.42 0.42 0.41 0.51 0.50 0.50 0.44 0.45 0.45 0.44 0.44 0.50 0.50 0.50 0.50 0.50 0.50 0.50 0.50 0.50 0.50 0.50
-9999 -9999 -9999 -9999 -9999 -9999 -9999 -9999 -9999 0.58 0.53 0.52 0.44 0.50 0.43 0.35 0.32 0.32 0.34 0.38 0.45 0.51 0.52 0.53 0.58 0.52 0.45 0.57 0.55 0.54 0.55 0.60 0.53 0.58 0.51 0.53 0.53 0.50 0.50 0.50 0.49 0.43 0.49 0.50 0.50 0.50 0.50 0.50 0.44 0.51 0.51 0.51 0.50 0.50 0.44 0.50 0.49 0.50 0.49 0.43 0.35 0.33 0.31 0.33 0.43 0.41 0.42 0.42 0.44 0.50 0.50 0.50 0.50 0.50 0.50 0.50 0.50 0.50 0.50 0.50 0.50 0.50 0.50 0.50
-9999 -9999 -9999 -9999 -9999 -9999 -9999 -9999 -9999 -9999 0.58 0.52 0.44 0.41 0.43 0.48 0.46 0.36 0.41 0.50 0.46 0.47 0.54 0.50 0.49 0.46 0.46 0.46 0.49 0.49 0.51 0.53 0.54 0.47 0.48 0.48 0.48 0.48 0.47 0.47 0.44 0.44 0.44 0.47 0.47 0.47 0.47 0.45 0.45 0.45 0.47 0.47 0.48 0.47 0.47 0.44 0.43 0.37 0.38 0.34 0.30 0.30 0.37 0.40 0.42 0.43 0.41 0.41 0.50 0.50 0.50 0.50 0.50 0.50 0.50 0.50 0.50 0.50 0.50 0.50 0.50 0.50 0.50 0.50
-9999 -9999 -9999 -9999 -9999 -9999 -9999 -9999 -9999 -9999 0.63 0.62 0.51 0.44 0.51 0.50 0.48 0.39 0.56 0.58 0.59 0.53 0.59 0.59 0.54 0.51 0.50 0.50 0.50 0.51 0.46 0.58 0.53 0.52 0.52 0.52 0.56 0.51 0.50 0.50 0.50 0.44 0.50 0.50 0.50 0.50 0.50 0.50 0.50 0.50 0.51 0.54 0.53 0.59 0.59 0.52 0.35 0.39 0.49 0.35 0.39 0.41 0.44 0.52 0.52 0.52 0.51 0.45 0.44 0.47 0.50 0.50 0.50 0.50 0.50 0.50 0.50 0.50 0.50 0.51 0.51 0.51 0.50 0.50
-9999 -9999 -9999 -9999 -9999 -9999 -9999 -9999 -9999 -9999 -9999 0.60 0.59 0.53 0.51 0.51 0.51 0.47 0.47 0.62 0.55 0.55 0.55 0.55 0.54 0.51 0.50 0.50 0.50 0.50 0.45 0.51 0.52 0.59 0.59 0.52 0.51 0.51 0.50 0.50 0.50 0.44 0.50 0.50 0.50 0.50 0.50 0.50 0.50 0.51 0.55 0.60 0.60 0.54 0.52 0.48 0.48 0.49 0.45 0.50 0.51 0.52 0.53 0.59 0.59 0.57 0.51 0.50 0.50 0.45 0.50 0.50 0.50 0.50 0.50 0.50 0.50 0.50 0.50 0.52 0.58 0.53 0.52 0.53
-9999 -9999 -9999 -9999 -9999 -9999 -9999 -9999 -9999 -9999 -9999 0.53 0.54 0.48 0.57 0.56 0.57 0.62 0.46 0.43 0.46 0.46 0.48 0.48 0.48 0.47 0.47 0.47 0.51 0.45 0.45 0.44 0.49 0.56 0.56 0.49 0.47 0.47 0.47 0.47 0.44 0.42 0.42 0.50 0.50 0.50 0.50 0.50 0.50 0.51 0.58 0.60 0.60 0.45 0.41 0.46 0.51 0.59 0.53 0.52 0.53 0.61 0.61 0.60 0.54 0.52 0.51 0.50 0.50 0.47 0.50 0.50 0.50 0.50 0.50 0.50 0.50 0.50 0.50 0.52 0.59 0.60 0.57 0.64
-9999 -9999 -9999 -9999 -9999 -9999 -9999 -9999 -9999 -9999 -9999 -9999 0.53 0.53 0.56 0.60 0.61 0.58 0.47 0.42 0.41 0.50 0.50 0.50 0.50 0.50 0.50 0.51 0.54 0.60 0.44 0.50 0.52 0.60 0.60 0.52 0.50 0.50 0.50 0.50 0.50 0.42 0.42 0.44 0.45 0.50 0.50 0.51 0.51 0.52 0.52 0.55 0.47 0.42 0.40 0.43 0.52 0.52 0.52 0.56 0.53 0.59 0.60 0.59 0.52 0.50 0.50 0.50 0.50 0.45 0.50 0.50 0.50 0.50 0.50 0.50 0.50 0.50 0.50 0.51 0.53 0.61 0.66 0.66
-9999 -9999 -9999 -9999 -9999 -9999 -9999 -9999 -9999 -9999 -9999 -9999 -9999 0.55 0.63 0.63 0.64 0.57 0.55 0.43 0.44 0.50 0.50 0.51 0.51 0.51 0.50 0.50 0.52 0.54 0.48 0.48 0.54 0.58 0.60 0.52 0.50 0.51 0.51 0.51 0.50 0.46 0.50 0.50 0.45 0.45 0.45 0.47 0.58 0.53 0.52 0.45 0.40 0.40 0.42 0.50 0.50 0.50 0.51 0.51 0.52 0.52 0.52 0.52 0.51 0.50 0.50 0.50 0.50 0.45 0.44 0.47 0.47 0.47 0.47 0.45 0.47 0.50 0.51 0.66 0.69 0.78 0.65 0.64
-9999 -9999 -9999 -9999 -9999 -9999 -9999 -9999 -9999 -9999 -9999 -9999 -9999 0.61 0.64 0.57 0.56 0.55 0.51 0.50 0.44 0.50 0.50 0.51 0.56 0.51 0.50 0.50 0.51 0.51 0.56 0.57 0.63 0.61 0.59 0.53 0.50 0.51 0.56 0.51 0.50 0.48 0.53 0.52 0.52 0.52 0.51 0.47 0.52 0.52 0.45 0.41 0.38 0.41 0.51 0.51 0.51 0.51 0.51 0.51 0.50 0.50 0.50 0.50 0.50 0.50 0.50 0.50 0.50 0.45 0.50 0.50 0.50 0.50 0.50 0.50 0.45 0.50 0.66 0.88 1.94 0.77 0.55 0.55
-9999 -9999 -9999 -9999 -9999 -9999 -9999 -9999 -9999 -9999 -9999 -9999 -9999 -9999 0.57 0.55 0.51 0.51 0.50 0.50 0.45 0.45 0.50 0.51 0.51 0.51 0.50 0.50 0.51 0.55 0.58 0.60 0.66 0.57 0.61 0.56 0.52 0.51 0.51 0.51 0.50 0.48 0.54 0.55 0.59 0.59 0.52 0.51 0.55 0.48 0.41 0.41 0.41 0.44 0.51 0.56 0.52 0.52 0.59 0.52 0.51 0.50 0.50 0.50 0.50 0.50 0.50 0.50 0.50 0.47 0.50 0.50 0.50 0.50 0.50 0.50 0.47 0.51 0.67 1.92 0.83 0.67 0.51 0.51
-9999 -9999 -9999 -9999 -9999 -9999 -9999 -9999 -9999 -9999 -9999 -9999 -9999 -9999 -9999 0.51 0.50 0.50 0.50 0.50 0.50 0.44 0.50 0.50 0.50 0.50 0.50 0.50 0.51 0.56 0.64 0.60 0.59 0.62 0.61 0.62 0.55 0.51 0.50 0.50 0.50 0.46 0.54 0.56 0.61 0.61 0.56 0.45 0.42 0.43 0.44 0.51 0.50 0.45 0.51 0.51 0.52 0.59 0.59 0.58 0.51 0.50 0.50 0.50 0.50 0.50 0.50 0.50 0.50 0.47 0.50 0.50 0.50 0.50 0.50 0.50 0.47 0.51 0.72 0.66 0.66 0.50 0.50 0.50
-9999 -9999 -9999 -9999 -9999 -9999 -9999 -9999 -9999 -9999 -9999 -9999 -9999 -9999 -9999 -9999 0.50 0.50 0.50 0.50 0.50 0.42 0.42 0.50 0.50 0.50 0.50 0.50 0.51 0.55 0.64 0.66 0.59 0.57 0.56 0.59 0.55 0.51 0.50 0.50 0.50 0.46 0.49 0.56 0.61 0.56 0.48 0.48 0.46 0.44 0.59 0.52 0.50 0.44 0.50 0.50 0.52 0.58 0.53 0.52 0.52 0.52 0.52 0.51 0.50 0.50 0.50 0.50 0.50 0.47 0.50 0.50 0.50 0.50 0.50 0.50 0.48 0.53 0.53 0.52 0.50 0.50 0.51 0.52
-9999 -9999 -9999 -9999 -9999 -9999 -9999 -9999 -9999 -9999 -9999 -9999 -9999 -9999 -9999 -9999 0.47 0.46 0.47 0.47 0.45 0.44 0.42 0.45 0.50 0.50 0.50 0.50 0.50 0.51 0.54 0.63 0.56 0.53 0.51 0.51 0.51 0.50 0.50 0.50 0.50 0.50 0.48 0.55 0.53 0.50 0.51 0.60 0.62 0.58 0.57 0.52 0.45 0.45 0.44 0.48 0.48 0.47 0.46 0.46 0.47 0.53 0.53 0.47 0.45 0.45 0.50 0.50 0.50 0.45 0.50 0.50 0.50 0.50 0.50 0.51 0.46 0.60 0.61 0.52 0.50 0.50 0.52 0.59
-9999 -9999 -9999 -9999 -9999 -9999 -9999 -9999 -9999 -9999 -9999 -9999 -9999 -9999 -9999 -9999 -9999 0.50 0.50 0.50 0.50 0.50 0.50 0.44 0.50 0.50 0.50 0.50 0.50 0.50 0.51 0.52 0.45 0.51 0.50 0.50 0.50 0.50 0.50 0.50 0.50 0.49 0.40 0.52 0.44 0.42 0.59 0.53 0.55 0.62 0.62 0.55 0.58 0.51 0.53 0.54 0.60 0.54 0.46 0.51 0.51 0.52 0.52 0.52 0.52 0.46 0.45 0.45 0.42 0.42 0.50 0.50 0.50 0.50 0.51 0.45 0.50 0.52 0.57 0.53 0.50 0.50 0.52 0.61
-9999 -9999 -9999 -9999 -9999 -9999 -9999 -9999 -9999 -9999 -9999 -9999 -9999 -9999 -9999 -9999 -9999 -9999 0.50 0.50 0.50 0.50 0.50 0.45 0.44 0.45 0.47 0.47 0.47 0.47 0.47 0.45 0.45 0.45 0.47 0.47 0.47 0.47 0.47 0.47 0.47 0.42 0.36 0.35 0.42 0.45 0.46 0.48 0.49 0.54 0.54 0.59 0.53 0.47 0.61 0.65 0.65 0.65 0.47 0.45 0.50 0.50 0.52 0.59 0.59 0.52 0.50 0.50 0.42 0.42 0.44 0.47 0.47 0.47 0.44 0.45 0.45 0.60 0.50 0.46 0.47 0.45 0.46 0.52
-9999 -9999 -9999 -9999 -9999 -9999 -9999 -9999 -9999 -9999 -9999 -9999 -9999 -9999 -9999 -9999 -9999 -9999 -9999 0.50 0.50 0.50 0.50 0.50 0.42 0.50 0.50 0.50 0.50 0.50 0.50 0.50 0.50 0.50 0.50 0.50 0.50 0.50 0.50 0.50 0.50 0.48 0.34 0.40 0.49 0.50 0.50 0.51 0.57 0.52 0.46 0.45 0.47 0.54 0.59 0.63 0.63 0.61 0.57 0.43 0.47 0.51 0.53 0.61 0.61 0.53 0.50 0.50 0.50 0.44 0.50 0.50 0.50 0.50 0.50 0.44 0.51 0.54 0.51 0.50 0.50 0.50 0.45 0.45
-9999 -9999 -9999 -9999 -9999 -9999 -9999 -9999 -9999 -9999 -9999 -9999 -9999 -9999 -9999 -9999 -9999 -9999 -9999 -9999 0.50 0.51 0.51 0.50 0.45 0.45 0.50 0.50 0.50 0.50 0.50 0.50 0.50 0.50 0.50 0.50 0.50 0.50 0.50 0.51 0.44 0.39 0.34 0.48 0.50 0.52 0.54 0.52 0.51 0.51 0.45 0.50 0.52 0.60 0.65 0.66 0.67 0.67 0.65 0.64 0.52 0.56 0.55 0.65 0.64 0.53 0.50 0.50 0.50 0.47 0.50 0.50 0.50 0.50 0.50 0.47 0.51 0.52 0.53 0.52 0.51 0.50 0.50 0.50
-9999 -9999 -9999 -9999 -9999 -9999 -9999 -9999 -9999 -9999 -9999 -9999 -9999 -9999 -9999 -9999 -9999 -9999 -9999 -9999 0.53 0.54 0.55 0.51 0.50 0.44 0.50 0.50 0.50 0.50 0.50 0.50 0.50 0.50 0.50 0.47 0.44 0.44 0.44 0.43 0.45 0.34 0.39 0.45 0.50 0.54 0.60 0.52 0.50 0.50 0.48 0.51 0.52 0.53 0.57 0.63 0.63 0.63 0.64 0.65 0.59 0.64 0.65 0.66 0.64 0.53 0.50 0.50 0.50 0.47 0.50 0.50 0.50 0.50 0.50 0.44 0.51 0.57 0.58 0.70 0.63 0.63 0.50 0.50
-9999 -9999 -9999 -9999 -9999 -9999 -9999 -9999 -9999 -9999 -9999 -9999 -9999 -9999 -9999 -9999 -9999 -9999 -9999 -9999 -9999 0.60 0.55 0.53 0.50 0.42 0.42 0.50 0.50 0.50 0.50 0.50 0.50 0.50 0.50 0.42 0.50 0.41 0.43 0.52 0.42 0.42 0.50 0.46 0.51 0.52 0.54 0.52 0.52 0.52 0.50 0.59 0.52 0.52 0.55 0.60 0.61 0.61 0.62 0.63 0.58 0.58 0.67 0.68 0.65 0.54 0.50 0.50 0.50 0.45 0.50 0.50 0.50 0.50 0.44 0.44 0.62 0.80 0.80 0.72 1.37 0.63 0.50 0.50
-9999 -9999 -9999 -9999 -9999 -9999 -9999 -9999 -9999 -9999 -9999 -9999 -9999 -9999 -9999 -9999 -9999 -9999 -9999 -9999 -9999 -9999 0.50 0.47 0.46 0.44 0.42 0.44 0.45 0.47 0.47 0.45 0.44 0.42 0.42 0.45 0.45 0.48 0.57 0.51 0.45 0.51 0.52 0.55 0.53 0.52 0.51 0.51 0.58 0.60 0.58 0.62 0.60 0.53 0.55 0.56 0.56 0.56 0.57 0.63 0.61 0.53 0.62 0.68 0.66 0.53 0.50 0.50 0.44 0.42 0.50 0.45 0.45 0.45 0.45 0.50 0.66 1.91 1.91 0.79 0.53 0.53 0.50 0.50
-9999 -9999 -9999 -9999 -9999 -9999 -9999 -9999 -9999 -9999 -9999 -9999 -9999 -9999 -9999 -9999 -9999 -9999 -9999 -9999 -9999 -9999 -9999 0.50 0.50 0.50 0.50 0.44 0.50 0.50 0.50 0.50 0.41 0.41 0.44 0.52 0.59 0.59 0.52 0.52 0.46 0.52 0.59 0.57 0.60 0.58 0.51 0.51 0.53 0.63 0.61 0.64 0.62 0.55 0.51 0.54 0.54 0.54 0.55 0.55 0.56 0.51 0.45 0.61 0.59 0.53 0.50 0.50 0.41 0.41 0.42 0.45 0.50 0.50 0.50 0.63 0.78 0.95 0.88 0.66 0.50 0.45 0.45 0.47
-9999 -9999 -9999 -9999 -9999 -9999 -9999 -9999 -9999 -9999 -9999 -9999 -9999 -9999 -9999 -9999 -9999 -9999 -9999 -9999 -9999 -9999 -9999 -9999 0.50 0.50 0.50 0.47 0.50 0.50 0.50 0.44 0.44 0.50 0.50 0.52 0.59 0.59 0.52 0.46 0.49 0.54 0.59 0.53 0.60 0.54 0.52 0.51 0.52 0.58 0.48 0.56 0.55 0.52 0.51 0.51 0.51 0.51 0.51 0.51 0.51 0.50 0.52 0.55 0.60 0.50 0.49 0.45 0.44 0.45 0.51 0.52 0.52 0.51 0.50 0.63 1.50 0.63 0.51 0.51 0.50 0.50 0.50 0.50
-9999 -9999 -9999 -9999 -9999 -9999 -9999 -9999 -9999 -9999 -9999 -9999 -9999 -9999 -9999 -9999 -9999 -9999 -9999 -9999 -9999 -9999 -9999 -9999 -9999 0.50 0.50 0.45 0.50 0.50 0.44 0.45 0.51 0.51 0.50 0.51 0.54 0.52 0.52 0.50 0.51 0.54 0.47 0.47 0.46 0.52 0.52 0.47 0.48 0.46 0.46 0.46 0.48 0.47 0.47 0.45 0.45 0.44 0.45 0.50 0.50 0.50 0.51 0.46 0.51 0.39 0.36 0.50 0.57 0.52 0.51 0.58 0.58 0.52 0.50 0.63 0.63 0.63 0.50 0.50 0.50 0.50 0.50 0.50
-9999 -9999 -9999 -9999 -9999 -9999 -9999 -9999 -9999 -9999 -9999 -9999 -9999 -9999 -9999 -9999 -9999 -9999 -9999 -9999 -9999 -9999 -9999 -9999 -9999 -9999 0.50 0.43 0.42 0.44 0.45 0.51 0.56 0.51 0.50 0.50 0.50 0.50 0.44 0.50 0.60 0.52 0.51 0.49 0.50 0.44 0.52 0.51 0.50 0.50 0.50 0.50 0.50 0.50 0.50 0.50 0.44 0.50 0.45 0.45 0.45 0.44 0.41 0.42 0.41 0.38 0.43 0.46 0.58 0.52 0.51 0.52 0.58 0.52 0.51 0.52 0.52 0.63 0.75 0.91 0.78 0.66 0.50 0.50
-9999 -9999 -9999 -9999 -9999 -9999 -9999 -9999 -9999 -9999 -9999 -9999 -9999 -9999 -9999 -9999 -9999 -9999 -9999 -9999 -9999 -9999 -9999 -9999 -9999 -9999 -9999 0.41 0.42 0.50 0.50 0.51 0.51 0.51 0.51 0.52 0.46 0.44 0.43 0.49 0.52 0.51 0.50 0.49 0.43 0.42 0.49 0.50 0.50 0.50 0.50 0.50 0.50 0.50 0.50 0.50 0.45 0.50 0.50 0.50 0.50 0.42 0.41 0.44 0.49 0.49 0.55 0.56 0.51 0.51 0.50 0.51 0.51 0.51 0.51 0.57 0.57 0.64 1.79 1.95 2.03 0.66 0.50 0.50
-9999 -9999 -9999 -9999 -9999 -9999 -9999 -9999 -9999 -9999 -9999 -9999 -9999 -9999 -9999 -9999 -9999 -9999 -9999 -9999 -9999 -9999 -9999 -9999 -9999 -9999 -9999 -9999 -9999 0.50 0.50 0.50 0.50 0.50 0.51 0.50 0.50 0.51 0.51 0.46 0.46 0.47 0.47 0.46 0.44 0.38 0.45 0.50 0.50 0.50 0.50 0.50 0.50 0.50 0.47 0.44 0.47 0.50 0.50 0.50 0.50 0.45 0.50 0.51 0.51 0.52 0.52 0.52 0.51 0.50 0.50 0.50 0.50 0.50 0.51 0.52 0.52 0.65 0.98 2.17 0.94 0.66 0.50 0.50
-9999 -9999 -9999 -9999 -9999 -9999 -9999 -9999 -9999 -9999 -9999 -9999 -9999 -9999 -9999 -9999 -9999 -9999 -9999 -9999 -9999 -9999 -9999 -9999 -9999 -9999 -9999 -9999 -9999 -9999 0.50 0.50 0.50 0.50 0.46 0.45 0.52 0.51 0.50 0.50 0.50 0.50 0.50 0.50 0.49 0.49 0.43 0.50 0.50 0.50 0.50 0.50 0.50 0.50 0.45 0.50 0.50 0.50 0.50 0.50 0.50 0.47 0.50 0.51 0.57 0.52 0.51 0.50 0.50 0.50 0.50 0.50 0.50 0.50 0.50 0.50 0.50 0.52 0.73 0.67 0.66 0.50 0.50 0.50
-9999 -9999 -9999 -9999 -9999 -9999 -9999 -9999 -9999 -9999 -9999 -9999 -9999 -9999 -9999 -9999 -9999 -9999 -9999 -9999 -9999 -9999 -9999 -9999 -9999 -9999 -9999 -9999 -9999 -9999 -9999 0.50 0.50 0.50 0.44 0.50 0.50 0.50 0.50 0.51 0.51 0.51 0.50 0.50 0.50 0.50 0.45 0.45 0.50 0.50 0.50 0.50 0.50 0.50 0.47 0.50 0.50 0.50 0.50 0.50 0.50 0.47 0.50 0.51 0.52 0.57 0.51 0.50 0.50 0.50 0.50 0.50 0.50 0.51 0.52 0.52 0.52 0.52 0.52 0.51 0.50 0.50 0.50 0.50
-9999 -9999 -9999 -9999 -9999 -9999 -9999 -9999 -9999 -9999 -9999 -9999 -9999 -9999 -9999 -9999 -9999 -9999 -9999 -9999 -9999 -9999 -9999 -9999 -9999 -9999 -9999 -9999 -9999 -9999 -9999 -9999 0.50 0.45 0.45 0.50 0.50 0.50 0.50 0.51 0.56 0.51 0.50 0.50 0.50 0.50 0.50 0.45 0.50 0.50 0.50 0.50 0.50 0.50 0.47 0.50 0.50 0.50 0.50 0.50 0.50 0.47 0.50 0.50 0.51 0.51 0.52 0.52 0.52 0.51 0.50 0.50 0.50 0.51 0.58 0.59 0.60 0.59 0.53 0.52 0.51 0.50 0.50 0.50
-9999 -9999 -9999 -9999 -9999 -9999 -9999 -9999 -9999 -9999 -9999 -9999 -9999 -9999 -9999 -9999 -9999 -9999 -9999 -9999 -9999 -9999 -9999 -9999 -9999 -9999 -9999 -9999 -9999 -9999 -9999 -9999 -9999 0.44 0.50 0.50 0.50 0.50 0.50 0.51 0.51 0.51 0.50 0.50 0.50 0.50 0.50 0.44 0.50 0.50 0.50 0.50 0.50 0.50 0.47 0.50 0.50 0.50 0.50 0.50 0.50 0.47 0.51 0.52 0.52 0.51 0.51 0.58 0.59 0.52 0.51 0.50 0.50 0.51 0.52 0.59 0.61 0.61 0.61 0.59 0.52 0.50 0.50 0.50
-9999 -9999 -9999 -9999 -9999 -9999 -9999 -9999 -9999 -9999 -9999 -9999 -9999 -9999 -9999 -9999 -9999 -9999 -9999 -9999 -9999 -9999 -9999 -9999 -9999 -9999 -9999 -9999 -9999 -9999 -9999 -9999 -9999 -9999 -9999 0.50 0.50 0.50 0.50 0.50 0.50 0.50 0.50 0.50 0.50 0.45 0.44 0.44 0.45 0.50 0.50 0.50 0.50 0.50 0.45 0.50 0.50 0.50 0.50 0.50 0.50 0.47 0.52 0.58 0.58 0.51 0.51 0.52 0.59 0.58 0.51 0.50 0.50 0.50 0.51 0.52 0.53 0.60 0.61 0.59 0.52 0.50 0.50 0.50
-9999 -9999 -9999 -9999 -9999 -9999 -9999 -9999 -9999 -9999 -9999 -9999 -9999 -9999 -9999 -9999 -9999 -9999 -9999 -9999 -9999 -9999 -9999 -9999 -9999 -9999 -9999 -9999 -9999 -9999 -9999 -9999 -9999 -9999 -9999 -9999 0.50 0.50 0.50 0.50 0.50 0.50 0.50 0.45 0.44 0.45 0.50 0.50 0.45 0.50 0.50 0.50 0.50 0.45 0.45 0.50 0.50 0.50 0.50 0.50 0.50 0.45 0.52 0.58 0.52 0.51 0.50 0.52 0.53 0.53 0.52 0.50 0.63 0.75 0.75 0.63 0.51 0.52 0.59 0.52 0.63 0.75 0.75 0.63
-9999 -9999 -9999 -9999 -9999 -9999 -9999 -9999 -9999 -9999 -9999 -9999 -9999 -9999 -9999 -9999 -9999 -9999 -9999 -9999 -9999 -9999 -9999 -9999 -9999 -9999 -9999 -9999 -9999 -9999 -9999 -9999 -9999 -9999 -9999 -9999 -9999 -9999 0.48 0.46 0.47 0.47 0.45 0.45 0.50 0.50 0.50 0.50 0.47 0.50 0.50 0.50 0.50 0.45 0.50 0.50 0.50 0.50 0.50 0.50 0.50 0.44 0.43 0.51 0.51 0.50 0.50 0.51 0.57 0.57 0.51 0.50 0.63 1.63 1.78 0.78 0.66 0.51 0.51 0.52 0.64 1.65 1.64 0.63
