compareData/cost.asc
nCols	220
nRows	174
xllCorner	-88.68333
yllCorner	37.64167
cellSize	8.333334E-03
NODATA_value	-9999
[rows 38 to 75 of 174, columns 84 to 167 of 220]
0.52 0.53 0.55 0.51 0.50 0.50 0.50 0.50 0.50 0.50 0.50 0.50 0.50 0.50 0.51 0.52 0.52 0.51 0.50 0.51 0.57 0.58 0.47 0.49 0.48 0.49 0.51 0.56 0.51 0.50 0.50 0.51 0.59 0.56 0.60 0.46 0.43 0.50 0.50 0.55 0.83 2.06 0.80 0.37 0.49 0.50 0.50 0.45 0.50 0.50 0.50 0.50 0.50 0.50 0.50 0.48 0.57 0.59 0.59 0.55 0.62 0.55 0.59 0.53 0.51 0.50 0.51 0.55 0.56 0.57 0.63 0.63 0.61 0.52 0.47 0.51 0.47 0.51 0.50 0.48 0.42 0.42 0.49 0.42
0.57 0.60 0.54 0.51 0.50 0.50 0.50 0.50 0.50 0.50 0.50 0.50 0.50 0.50 0.51 0.57 0.58 0.52 0.51 0.51 0.52 0.54 0.54 0.44 0.43 0.50 0.52 0.51 0.51 0.50 0.50 0.51 0.52 0.56 0.61 0.60 0.46 0.51 0.50 0.66 1.90 1.84 0.69 0.40 0.40 0.45 0.50 0.45 0.50 0.50 0.50 0.50 0.50 0.50 0.50 0.48 0.52 0.53 0.59 0.62 0.60 0.49 0.52 0.51 0.50 0.50 0.51 0.61 0.56 0.56 0.58 0.58 0.50 0.47 0.53 0.59 0.55 0.53 0.50 0.50 0.49 0.49 0.49 0.44
0.52 0.52 0.51 0.50 0.50 0.50 0.50 0.50 0.50 0.50 0.50 0.50 0.50 0.50 0.51 0.53 0.55 0.55 0.54 0.51 0.52 0.58 0.52 0.44 0.43 0.56 0.50 0.50 0.50 0.50 0.50 0.50 0.51 0.49 0.60 0.55 0.54 0.52 0.50 0.66 0.69 0.81 0.52 0.38 0.38 0.41 0.50 0.44 0.42 0.45 0.50 0.50 0.50 0.50 0.50 0.45 0.66 0.82 0.83 0.69 0.48 0.53 0.52 0.51 0.50 0.50 0.51 0.46 0.49 0.57 0.62 0.53 0.51 0.51 0.52 0.58 0.52 0.51 0.50 0.51 0.53 0.51 0.51 0.46
0.44 0.47 0.50 0.50 0.50 0.50 0.50 0.50 0.50 0.50 0.50 0.50 0.50 0.50 0.51 0.55 0.56 0.57 0.57 0.57 0.56 0.54 0.42 0.40 0.40 0.42 0.50 0.50 0.50 0.50 0.50 0.50 0.50 0.46 0.53 0.51 0.61 0.53 0.51 0.50 0.47 0.50 0.42 0.39 0.41 0.44 0.44 0.45 0.50 0.45 0.45 0.47 0.47 0.47 0.44 0.45 0.66 1.93 1.93 0.70 0.49 0.52 0.57 0.51 0.50 0.45 0.44 0.46 0.51 0.55 0.54 0.51 0.50 0.50 0.51 0.51 0.51 0.50 0.50 0.51 0.53 0.54 0.54 0.49
0.50 0.42 0.50 0.50 0.50 0.50 0.50 0.50 0.50 0.50 0.50 0.50 0.50 0.50 0.51 0.55 0.63 0.64 0.65 0.63 0.60 0.48 0.35 0.38 0.38 0.39 0.46 0.48 0.48 0.48 0.48 0.48 0.49 0.42 0.39 0.46 0.48 0.51 0.52 0.52 0.44 0.51 0.41 0.39 0.50 0.50 0.50 0.50 0.50 0.50 0.50 0.50 0.50 0.50 0.50 0.46 0.68 0.91 0.94 0.71 0.46 0.51 0.51 0.46 0.44 0.45 0.50 0.50 0.50 0.51 0.51 0.50 0.50 0.50 0.50 0.50 0.50 0.50 0.50 0.51 0.51 0.52 0.54 0.49
0.44 0.44 0.44 0.47 0.47 0.47 0.47 0.47 0.47 0.47 0.47 0.47 0.47 0.45 0.44 0.46 0.49 0.56 0.54 0.52 0.40 0.38 0.36 0.36 0.35 0.36 0.37 0.38 0.41 0.35 0.35 0.36 0.40 0.40 0.34 0.34 0.37 0.49 0.50 0.43 0.46 0.40 0.39 0.39 0.41 0.42 0.42 0.42 0.44 0.50 0.50 0.50 0.50 0.51 0.51 0.48 0.56 0.64 0.64 0.47 0.43 0.50 0.44 0.44 0.50 0.50 0.50 0.50 0.50 0.50 0.50 0.50 0.50 0.50 0.50 0.50 0.50 0.50 0.50 0.50 0.53 0.54 0.45 0.47
0.52 0.45 0.51 0.50 0.50 0.50 0.50 0.50 0.50 0.50 0.50 0.50 0.50 0.49 0.42 0.41 0.48 0.54 0.53 0.44 0.41 0.46 0.55 0.41 0.38 0.38 0.38 0.40 0.36 0.31 0.30 0.36 0.37 0.38 0.46 0.34 0.44 0.59 0.52 0.45 0.46 0.40 0.38 0.38 0.38 0.38 0.38 0.38 0.39 0.42 0.50 0.50 0.51 0.55 0.56 0.50 0.53 0.62 0.59 0.44 0.41 0.42 0.45 0.50 0.50 0.50 0.50 0.50 0.50 0.50 0.50 0.50 0.50 0.50 0.50 0.50 0.50 0.50 0.50 0.50 0.51 0.47 0.47 0.53
0.58 0.51 0.51 0.50 0.50 0.50 0.50 0.50 0.50 0.50 0.50 0.50 0.50 0.49 0.37 0.50 0.55 0.62 0.53 0.51 0.52 0.48 0.48 0.43 0.35 0.33 0.32 0.33 0.37 0.36 0.36 0.37 0.38 0.38 0.32 0.37 0.56 0.60 0.54 0.52 0.51 0.44 0.42 0.42 0.42 0.41 0.39 0.38 0.38 0.41 0.42 0.46 0.50 0.51 0.54 0.53 0.53 0.48 0.52 0.42 0.41 0.50 0.50 0.50 0.50 0.50 0.50 0.50 0.50 0.50 0.50 0.50 0.50 0.50 0.50 0.50 0.50 0.50 0.50 0.50 0.46 0.45 0.51 0.51
0.53 0.47 0.46 0.47 0.45 0.44 0.42 0.42 0.42 0.42 0.42 0.42 0.44 0.42 0.42 0.41 0.46 0.44 0.43 0.42 0.41 0.41 0.45 0.45 0.43 0.32 0.32 0.38 0.42 0.42 0.42 0.42 0.41 0.38 0.32 0.38 0.59 0.62 0.59 0.52 0.50 0.50 0.50 0.50 0.50 0.50 0.44 0.42 0.41 0.41 0.50 0.41 0.55 0.63 0.52 0.50 0.41 0.41 0.39 0.43 0.43 0.51 0.50 0.50 0.50 0.50 0.50 0.50 0.50 0.50 0.50 0.50 0.50 0.50 0.50 0.50 0.50 0.50 0.50 0.50 0.45 0.50 0.53 0.50
0.52 0.51 0.50 0.50 0.51 0.45 0.43 0.42 0.42 0.42 0.42 0.42 0.44 0.50 0.43 0.43 0.45 0.43 0.42 0.42 0.42 0.43 0.44 0.51 0.51 0.47 0.38 0.50 0.51 0.50 0.50 0.50 0.50 0.40 0.37 0.49 0.60 0.63 0.62 0.54 0.52 0.52 0.51 0.50 0.50 0.50 0.50 0.50 0.50 0.45 0.44 0.44 0.45 0.56 0.50 0.35 0.41 0.31 0.31 0.33 0.48 0.50 0.50 0.50 0.50 0.50 0.50 0.50 0.50 0.50 0.50 0.50 0.50 0.50 0.50 0.50 0.50 0.50 0.50 0.50 0.45 0.50 0.50 0.50
0.52 0.51 0.51 0.52 0.52 0.59 0.52 0.51 0.50 0.50 0.50 0.50 0.50 0.50 0.47 0.54 0.52 0.50 0.50 0.50 0.50 0.50 0.51 0.52 0.59 0.59 0.53 0.56 0.51 0.50 0.50 0.50 0.50 0.42 0.38 0.44 0.60 0.63 0.62 0.59 0.58 0.57 0.51 0.50 0.50 0.50 0.50 0.50 0.50 0.50 0.50 0.50 0.44 0.41 0.38 0.31 0.29 0.29 0.28 0.33 0.43 0.50 0.50 0.50 0.50 0.50 0.50 0.50 0.50 0.51 0.51 0.50 0.50 0.50 0.50 0.50 0.50 0.50 0.50 0.44 0.45 0.50 0.50 0.50
0.52 0.52 0.58 0.54 0.60 0.60 0.59 0.51 0.50 0.50 0.50 0.50 0.50 0.50 0.48 0.57 0.51 0.50 0.50 0.50 0.50 0.50 0.50 0.51 0.52 0.52 0.49 0.52 0.51 0.50 0.50 0.50 0.50 0.41 0.38 0.43 0.52 0.53 0.53 0.53 0.52 0.52 0.51 0.50 0.50 0.50 0.50 0.50 0.50 0.50 0.50 0.50 0.49 0.37 0.30 0.29 0.28 0.28 0.30 0.33 0.41 0.45 0.50 0.50 0.50 0.45 0.45 0.47 0.47 0.50 0.50 0.48 0.47 0.45 0.45 0.50 0.50 0.50 0.42 0.42 0.50 0.50 0.50 0.50
0.54 0.53 0.59 0.61 0.62 0.61 0.54 0.52 0.51 0.50 0.50 0.50 0.50 0.50 0.48 0.51 0.51 0.50 0.50 0.50 0.50 0.50 0.50 0.50 0.50 0.50 0.47 0.50 0.50 0.49 0.48 0.49 0.44 0.40 0.38 0.42 0.50 0.50 0.50 0.50 0.50 0.50 0.50 0.50 0.50 0.50 0.50 0.50 0.50 0.50 0.50 0.50 0.41 0.32 0.29 0.28 0.28 0.29 0.31 0.42 0.50 0.44 0.45 0.47 0.45 0.45 0.50 0.50 0.50 0.51 0.54 0.54 0.51 0.50 0.45 0.45 0.45 0.44 0.41 0.42 0.50 0.50 0.50 0.50
0.59 0.59 0.55 0.61 0.61 0.59 0.52 0.56 0.52 0.52 0.52 0.52 0.51 0.50 0.48 0.52 0.52 0.51 0.50 0.50 0.50 0.50 0.50 0.50 0.50 0.50 0.47 0.50 0.50 0.49 0.42 0.41 0.45 0.38 0.38 0.42 0.50 0.50 0.50 0.50 0.50 0.50 0.50 0.50 0.50 0.50 0.50 0.50 0.50 0.50 0.50 0.44 0.41 0.33 0.31 0.30 0.31 0.34 0.40 0.42 0.43 0.50 0.50 0.50 0.50 0.50 0.50 0.50 0.50 0.51 0.53 0.53 0.51 0.51 0.52 0.52 0.51 0.42 0.50 0.44 0.42 0.44 0.50 0.50
0.54 0.53 0.60 0.61 0.55 0.52 0.52 0.51 0.52 0.57 0.59 0.58 0.52 0.51 0.49 0.59 0.59 0.52 0.52 0.53 0.50 0.50 0.50 0.50 0.50 0.50 0.47 0.50 0.51 0.51 0.42 0.41 0.35 0.38 0.38 0.42 0.50 0.50 0.50 0.50 0.50 0.50 0.66 0.66 0.66 0.50 0.50 0.50 0.50 0.50 0.45 0.44 0.49 0.48 0.35 0.37 0.40 0.42 0.50 0.50 0.45 0.44 0.45 0.50 0.50 0.50 0.50 0.50 0.50 0.50 0.51 0.51 0.50 0.51 0.57 0.58 0.45 0.44 0.50 0.50 0.41 0.42 0.44 0.45
0.52 0.52 0.59 0.60 0.59 0.51 0.50 0.50 0.51 0.52 0.53 0.58 0.52 0.51 0.54 0.59 0.53 0.58 0.57 0.51 0.50 0.50 0.51 0.51 0.51 0.50 0.47 0.50 0.51 0.52 0.49 0.40 0.39 0.38 0.39 0.42 0.50 0.50 0.50 0.50 0.50 0.50 0.66 1.75 0.66 0.50 0.50 0.50 0.50 0.50 0.44 0.50 0.50 0.49 0.43 0.50 0.44 0.47 0.51 0.50 0.50 0.50 0.45 0.45 0.45 0.45 0.50 0.50 0.50 0.50 0.50 0.50 0.50 0.51 0.52 0.48 0.44 0.43 0.50 0.44 0.44 0.50 0.50 0.44
0.51 0.51 0.52 0.59 0.54 0.52 0.51 0.50 0.50 0.50 0.51 0.51 0.51 0.51 0.48 0.52 0.52 0.52 0.52 0.51 0.50 0.50 0.51 0.57 0.52 0.51 0.47 0.50 0.50 0.51 0.48 0.41 0.42 0.50 0.41 0.42 0.50 0.50 0.50 0.50 0.50 0.50 0.66 0.66 0.66 0.50 0.50 0.50 0.50 0.44 0.45 0.50 0.50 0.50 0.45 0.43 0.48 0.53 0.51 0.50 0.50 0.50 0.50 0.50 0.50 0.45 0.44 0.45 0.50 0.50 0.50 0.50 0.50 0.50 0.50 0.43 0.53 0.43 0.42 0.45 0.50 0.50 0.50 0.50
0.51 0.50 0.51 0.52 0.58 0.57 0.51 0.50 0.50 0.51 0.52 0.52 0.51 0.50 0.47 0.50 0.50 0.50 0.50 0.50 0.50 0.50 0.51 0.52 0.57 0.51 0.47 0.50 0.50 0.50 0.42 0.50 0.44 0.50 0.42 0.42 0.50 0.50 0.50 0.50 0.50 0.51 0.52 0.52 0.51 0.50 0.50 0.50 0.45 0.44 0.50 0.50 0.50 0.50 0.44 0.50 0.51 0.51 0.50 0.50 0.50 0.50 0.50 0.53 0.51 0.50 0.50 0.42 0.42 0.50 0.50 0.50 0.50 0.50 0.42 0.41 0.44 0.47 0.51 0.50 0.50 0.50 0.50 0.44
0.52 0.50 0.50 0.51 0.54 0.52 0.51 0.50 0.50 0.51 0.57 0.57 0.51 0.50 0.47 0.50 0.50 0.50 0.50 0.50 0.50 0.50 0.50 0.51 0.51 0.51 0.47 0.50 0.50 0.44 0.41 0.39 0.42 0.50 0.41 0.41 0.50 0.50 0.50 0.50 0.50 0.52 0.59 0.59 0.52 0.51 0.50 0.50 0.44 0.50 0.50 0.50 0.50 0.45 0.45 0.50 0.50 0.50 0.50 0.50 0.50 0.50 0.50 0.51 0.53 0.51 0.51 0.46 0.46 0.46 0.45 0.44 0.42 0.41 0.39 0.38 0.43 0.58 0.53 0.51 0.50 0.50 0.44 0.44
0.51 0.50 0.50 0.51 0.53 0.51 0.50 0.50 0.50 0.51 0.52 0.52 0.51 0.50 0.47 0.51 0.52 0.52 0.52 0.51 0.50 0.50 0.50 0.50 0.50 0.50 0.47 0.50 0.50 0.44 0.41 0.42 0.44 0.42 0.42 0.41 0.44 0.50 0.50 0.50 0.50 0.52 0.60 0.61 0.59 0.51 0.50 0.44 0.45 0.50 0.50 0.50 0.50 0.45 0.50 0.50 0.53 0.50 0.50 0.50 0.50 0.50 0.50 0.50 0.51 0.53 0.53 0.53 0.51 0.50 0.50 0.39 0.38 0.38 0.38 0.38 0.42 0.58 0.53 0.46 0.47 0.45 0.45 0.50
0.51 0.50 0.50 0.50 0.50 0.50 0.50 0.50 0.50 0.50 0.50 0.50 0.50 0.50 0.44 0.52 0.59 0.59 0.58 0.51 0.50 0.50 0.50 0.50 0.50 0.50 0.47 0.50 0.50 0.44 0.50 0.50 0.50 0.50 0.44 0.50 0.45 0.44 0.43 0.43 0.49 0.52 0.59 0.59 0.52 0.51 0.44 0.44 0.50 0.50 0.50 0.50 0.50 0.47 0.50 0.50 0.50 0.50 0.50 0.50 0.50 0.50 0.50 0.50 0.50 0.51 0.53 0.51 0.50 0.50 0.42 0.41 0.41 0.42 0.42 0.41 0.41 0.42 0.45 0.51 0.50 0.50 0.50 0.50
0.46 0.47 0.47 0.47 0.47 0.47 0.47 0.47 0.47 0.47 0.47 0.47 0.48 0.45 0.47 0.50 0.57 0.57 0.50 0.50 0.47 0.45 0.45 0.50 0.50 0.50 0.44 0.50 0.50 0.42 0.42 0.50 0.50 0.50 0.44 0.50 0.50 0.50 0.38 0.34 0.41 0.45 0.52 0.52 0.51 0.44 0.44 0.50 0.50 0.50 0.50 0.50 0.50 0.47 0.50 0.50 0.50 0.50 0.50 0.50 0.50 0.50 0.50 0.50 0.50 0.50 0.50 0.50 0.50 0.42 0.41 0.42 0.50 0.50 0.50 0.50 0.42 0.41 0.50 0.51 0.51 0.50 0.50 0.50
0.51 0.50 0.50 0.50 0.50 0.50 0.50 0.50 0.50 0.50 0.50 0.50 0.51 0.58 0.54 0.62 0.60 0.53 0.54 0.51 0.51 0.51 0.45 0.45 0.47 0.44 0.44 0.44 0.44 0.42 0.42 0.45 0.47 0.44 0.44 0.44 0.47 0.45 0.43 0.42 0.42 0.47 0.44 0.45 0.45 0.45 0.50 0.50 0.50 0.50 0.50 0.50 0.50 0.47 0.50 0.50 0.50 0.50 0.50 0.50 0.50 0.50 0.50 0.53 0.50 0.50 0.50 0.50 0.44 0.41 0.42 0.50 0.50 0.50 0.51 0.51 0.51 0.43 0.46 0.56 0.55 0.51 0.50 0.50
0.51 0.50 0.51 0.51 0.51 0.50 0.50 0.50 0.50 0.50 0.50 0.50 0.51 0.52 0.52 0.57 0.53 0.52 0.50 0.51 0.57 0.51 0.50 0.50 0.50 0.50 0.44 0.50 0.50 0.42 0.50 0.50 0.50 0.50 0.44 0.50 0.50 0.50 0.50 0.50 0.51 0.51 0.43 0.50 0.50 0.50 0.50 0.50 0.50 0.50 0.50 0.50 0.50 0.47 0.51 0.53 0.51 0.50 0.50 0.50 0.50 0.50 0.50 0.50 0.50 0.50 0.50 0.50 0.42 0.42 0.50 0.50 0.50 0.50 0.52 0.57 0.52 0.44 0.49 0.62 0.62 0.53 0.51 0.50
0.50 0.50 0.51 0.56 0.51 0.50 0.50 0.50 0.50 0.50 0.50 0.50 0.50 0.50 0.47 0.51 0.57 0.52 0.51 0.52 0.54 0.54 0.51 0.50 0.50 0.50 0.45 0.50 0.44 0.45 0.50 0.50 0.50 0.50 0.47 0.50 0.50 0.50 0.50 0.50 0.50 0.45 0.45 0.50 0.50 0.50 0.50 0.50 0.50 0.50 0.50 0.50 0.50 0.47 0.53 0.53 0.51 0.50 0.50 0.50 0.50 0.50 0.50 0.50 0.50 0.50 0.44 0.42 0.44 0.50 0.50 0.50 0.50 0.50 0.52 0.57 0.52 0.51 0.46 0.52 0.56 0.58 0.52 0.51
0.50 0.50 0.51 0.51 0.51 0.50 0.50 0.50 0.50 0.50 0.50 0.50 0.50 0.50 0.47 0.51 0.51 0.52 0.56 0.52 0.52 0.54 0.51 0.50 0.50 0.50 0.42 0.41 0.44 0.50 0.50 0.50 0.50 0.50 0.47 0.50 0.50 0.51 0.51 0.51 0.50 0.50 0.45 0.50 0.50 0.50 0.50 0.50 0.50 0.50 0.50 0.50 0.50 0.47 0.51 0.53 0.51 0.50 0.50 0.50 0.50 0.50 0.45 0.45 0.46 0.42 0.41 0.44 0.50 0.50 0.50 0.50 0.51 0.52 0.52 0.52 0.51 0.50 0.52 0.47 0.46 0.47 0.57 0.51
0.50 0.50 0.50 0.50 0.50 0.50 0.50 0.50 0.50 0.50 0.50 0.50 0.50 0.50 0.44 0.50 0.50 0.46 0.47 0.49 0.54 0.51 0.48 0.47 0.47 0.44 0.41 0.41 0.50 0.50 0.50 0.50 0.50 0.50 0.45 0.50 0.50 0.51 0.56 0.51 0.50 0.50 0.47 0.50 0.50 0.50 0.50 0.50 0.50 0.50 0.50 0.50 0.50 0.47 0.50 0.50 0.50 0.50 0.50 0.50 0.50 0.44 0.42 0.50 0.50 0.43 0.43 0.50 0.50 0.50 0.50 0.50 0.51 0.58 0.58 0.53 0.52 0.53 0.52 0.57 0.51 0.46 0.45 0.48
0.50 0.50 0.50 0.50 0.50 0.50 0.51 0.51 0.51 0.47 0.45 0.47 0.47 0.45 0.45 0.46 0.46 0.47 0.53 0.55 0.55 0.54 0.51 0.50 0.50 0.50 0.42 0.44 0.50 0.50 0.50 0.50 0.50 0.44 0.46 0.51 0.52 0.53 0.52 0.51 0.50 0.50 0.47 0.50 0.50 0.50 0.50 0.50 0.50 0.50 0.50 0.50 0.50 0.47 0.50 0.50 0.50 0.50 0.50 0.45 0.44 0.44 0.50 0.44 0.44 0.46 0.50 0.50 0.50 0.50 0.50 0.50 0.51 0.53 0.61 0.56 0.61 0.61 0.61 0.54 0.53 0.52 0.52 0.46
0.50 0.50 0.50 0.50 0.50 0.50 0.51 0.56 0.51 0.44 0.50 0.50 0.51 0.51 0.52 0.53 0.59 0.53 0.55 0.54 0.52 0.51 0.50 0.50 0.50 0.50 0.44 0.50 0.50 0.50 0.50 0.50 0.45 0.44 0.50 0.53 0.55 0.62 0.56 0.51 0.50 0.50 0.47 0.50 0.50 0.50 0.50 0.50 0.50 0.50 0.50 0.50 0.50 0.47 0.51 0.50 0.46 0.47 0.45 0.45 0.50 0.51 0.44 0.44 0.50 0.50 0.50 0.50 0.50 0.50 0.50 0.50 0.50 0.51 0.51 0.53 0.56 0.63 0.63 0.61 0.60 0.61 0.60 0.47
0.47 0.47 0.47 0.47 0.47 0.47 0.48 0.46 0.45 0.45 0.50 0.50 0.51 0.57 0.54 0.63 0.62 0.60 0.56 0.54 0.51 0.50 0.50 0.50 0.50 0.44 0.42 0.50 0.50 0.50 0.50 0.50 0.44 0.50 0.50 0.51 0.54 0.64 0.63 0.53 0.50 0.50 0.47 0.50 0.50 0.50 0.50 0.50 0.50 0.50 0.50 0.50 0.50 0.44 0.54 0.47 0.51 0.50 0.50 0.50 0.51 0.52 0.50 0.52 0.50 0.50 0.50 0.50 0.50 0.50 0.50 0.50 0.50 0.50 0.50 0.50 0.52 0.55 0.56 0.57 0.63 0.64 0.56 0.49
0.50 0.50 0.50 0.51 0.51 0.51 0.50 0.50 0.44 0.50 0.50 0.50 0.51 0.53 0.64 0.65 0.64 0.61 0.56 0.54 0.51 0.50 0.50 0.50 0.50 0.41 0.41 0.44 0.47 0.45 0.44 0.42 0.45 0.50 0.50 0.51 0.54 0.64 0.63 0.52 0.50 0.50 0.47 0.50 0.50 0.50 0.50 0.50 0.50 0.50 0.50 0.45 0.44 0.46 0.47 0.51 0.51 0.51 0.53 0.50 0.51 0.53 0.54 0.53 0.51 0.51 0.49 0.51 0.50 0.50 0.50 0.50 0.50 0.50 0.50 0.50 0.50 0.51 0.51 0.52 0.55 0.56 0.53 0.46
0.50 0.50 0.50 0.51 0.56 0.51 0.50 0.50 0.47 0.50 0.50 0.50 0.50 0.53 0.63 0.65 0.62 0.62 0.55 0.51 0.50 0.50 0.50 0.50 0.44 0.41 0.42 0.50 0.50 0.50 0.41 0.42 0.50 0.50 0.51 0.54 0.79 0.79 0.69 0.51 0.50 0.50 0.47 0.50 0.50 0.50 0.50 0.51 0.51 0.51 0.45 0.44 0.50 0.50 0.51 0.53 0.53 0.51 0.50 0.50 0.52 0.49 0.62 0.55 0.54 0.53 0.54 0.51 0.50 0.51 0.52 0.52 0.51 0.50 0.50 0.50 0.50 0.50 0.50 0.50 0.51 0.51 0.51 0.47
0.50 0.50 0.50 0.51 0.51 0.51 0.50 0.50 0.47 0.50 0.50 0.50 0.50 0.51 0.55 0.56 0.56 0.53 0.51 0.50 0.50 0.50 0.50 0.45 0.44 0.50 0.45 0.50 0.50 0.45 0.44 0.50 0.50 0.50 0.54 0.61 0.78 1.81 0.67 0.50 0.50 0.50 0.47 0.50 0.50 0.50 0.50 0.51 0.56 0.51 0.45 0.50 0.50 0.50 0.51 0.52 0.52 0.52 0.53 0.53 0.46 0.55 0.53 0.53 0.55 0.61 0.49 0.51 0.50 0.51 0.57 0.57 0.51 0.50 0.50 0.50 0.51 0.51 0.51 0.51 0.51 0.50 0.51 0.50
0.50 0.50 0.50 0.50 0.50 0.50 0.50 0.50 0.47 0.50 0.50 0.50 0.50 0.50 0.51 0.51 0.51 0.50 0.50 0.50 0.50 0.50 0.50 0.44 0.50 0.50 0.47 0.50 0.50 0.44 0.50 0.50 0.50 0.50 0.51 0.53 0.68 0.67 0.66 0.50 0.50 0.50 0.47 0.50 0.50 0.50 0.50 0.51 0.51 0.51 0.47 0.50 0.50 0.52 0.55 0.56 0.56 0.57 0.63 0.57 0.54 0.53 0.51 0.51 0.58 0.52 0.45 0.50 0.50 0.51 0.52 0.52 0.46 0.45 0.47 0.47 0.50 0.51 0.52 0.52 0.49 0.46 0.51 0.42
0.50 0.50 0.50 0.51 0.51 0.51 0.51 0.53 0.48 0.50 0.50 0.50 0.50 0.50 0.51 0.53 0.51 0.50 0.50 0.50 0.50 0.50 0.44 0.44 0.50 0.50 0.45 0.50 0.44 0.45 0.50 0.50 0.50 0.50 0.50 0.50 0.50 0.50 0.50 0.50 0.50 0.50 0.45 0.50 0.50 0.50 0.50 0.50 0.50 0.50 0.44 0.50 0.46 0.47 0.54 0.56 0.63 0.65 0.67 0.56 0.58 0.52 0.46 0.45 0.45 0.43 0.44 0.45 0.45 0.44 0.44 0.44 0.45 0.50 0.50 0.50 0.51 0.55 0.61 0.61 0.55 0.46 0.41 0.39
0.50 0.50 0.50 0.51 0.56 0.51 0.51 0.53 0.44 0.50 0.50 0.50 0.50 0.50 0.51 0.53 0.51 0.50 0.50 0.50 0.50 0.50 0.44 0.44 0.50 0.50 0.44 0.41 0.44 0.50 0.50 0.50 0.50 0.50 0.50 0.50 0.50 0.50 0.50 0.50 0.50 0.50 0.45 0.45 0.50 0.50 0.50 0.50 0.50 0.44 0.42 0.42 0.46 0.52 0.46 0.48 0.59 0.66 0.56 0.53 0.48 0.48 0.50 0.53 0.44 0.45 0.51 0.51 0.50 0.42 0.42 0.50 0.50 0.50 0.50 0.50 0.50 0.51 0.53 0.53 0.52 0.51 0.42 0.42
0.50 0.50 0.50 0.51 0.51 0.51 0.47 0.43 0.44 0.44 0.47 0.47 0.47 0.47 0.47 0.48 0.48 0.48 0.45 0.45 0.50 0.50 0.44 0.50 0.50 0.50 0.44 0.42 0.50 0.50 0.50 0.50 0.50 0.50 0.50 0.50 0.50 0.50 0.50 0.50 0.50 0.50 0.50 0.45 0.50 0.50 0.50 0.50 0.50 0.44 0.42 0.50 0.50 0.51 0.57 0.53 0.52 0.55 0.53 0.53 0.55 0.61 0.56 0.55 0.52 0.52 0.57 0.51 0.50 0.45 0.52 0.52 0.51 0.51 0.52 0.52 0.52 0.52 0.51 0.50 0.50 0.50 0.45 0.50
0.50 0.50 0.50 0.50 0.50 0.50 0.45 0.50 0.44 0.50 0.50 0.50 0.50 0.50 0.50 0.51 0.56 0.51 0.50 0.44 0.42 0.42 0.45 0.50 0.50 0.50 0.44 0.50 0.50 0.50 0.50 0.50 0.50 0.50 0.50 0.51 0.52 0.52 0.52 0.52 0.52 0.51 0.50 0.45 0.50 0.50 0.51 0.53 0.55 0.47 0.50 0.50 0.50 0.51 0.52 0.52 0.53 0.47 0.57 0.64 0.63 0.62 0.61 0.51 0.51 0.54 0.53 0.49 0.46 0.48 0.59 0.59 0.52 0.51 0.57 0.58 0.58 0.57 0.51 0.50 0.50 0.50 0.47 0.50
