Datasets/ASCII/aspect.asc
ncols         220
nrows         174
xllcorner     -88.683333333822
yllcorner     37.641666667611
cellsize      0.008333333333
NODATA_value  -9999
[rows 0 to 28 of 174, columns 130 to 194 of 220]
-9999 -9999 -9999 -9999 -9999 -9999 -9999 -9999 -9999 -9999 -9999 -9999 -9999 -9999 -9999 -9999 -9999 -9999 -9999 -9999 -9999 -9999 -9999 -9999 -9999 -9999 -9999 -9999 -9999 -9999 -9999 -9999 -9999 -9999 -9999 -9999 -9999 -9999 -9999 -9999 -9999 -9999 -9999 -9999 -9999 -9999 -9999 -9999 -9999 -9999 -9999 -9999 -9999 -9999 -9999 -9999 -9999 -9999 -9999 -9999 -9999 -9999 -9999 -9999 -9999
-9999 -9999 -9999 -9999 -9999 -9999 -9999 -9999 -9999 -9999 -9999 -9999 -9999 -9999 -9999 -9999 -9999 -9999 -9999 -9999 -9999 -9999 -9999 -9999 -9999 -9999 -9999 -9999 -9999 -9999 -9999 -9999 -9999 -9999 -9999 -9999 -9999 -9999 -9999 -9999 -9999 -9999 -9999 -9999 -9999 -9999 -9999 -9999 -9999 -9999 -9999 -9999 -9999 -9999 -9999 -9999 -9999 -9999 -9999 -9999 -9999 -9999 -9999 -9999 -9999
174.8056 -1 284.9314 294.6384 27.25533 -9999 -9999 -9999 -9999 -9999 -9999 -9999 -9999 -9999 -9999 -9999 -9999 -9999 -9999 -9999 -9999 -9999 -9999 -9999 -9999 -9999 -9999 -9999 -9999 -9999 -9999 -9999 -9999 -9999 -9999 -9999 -9999 -9999 -9999 -9999 -9999 -9999 -9999 -9999 -9999 -9999 -9999 -9999 -9999 -9999 -9999 -9999 -9999 -9999 -9999 -9999 -9999 -9999 -9999 -9999 -9999 -9999 -9999 -9999 -9999
149.0362 206.565 255.2113 240.8657 162.2553 106.3895 97.88314 -1 -1 246.5014 -9999 -9999 -9999 -9999 -9999 -9999 -9999 -9999 -9999 -9999 -9999 -9999 -9999 -9999 -9999 -9999 -9999 -9999 -9999 -9999 -9999 -9999 -9999 -9999 -9999 -9999 -9999 -9999 -9999 -9999 -9999 -9999 -9999 -9999 -9999 -9999 -9999 -9999 -9999 -9999 -9999 -9999 -9999 -9999 -9999 -9999 -9999 -9999 -9999 -9999 -9999 -9999 -9999 -9999 -9999
108.435 291.8014 245.6954 -1 223.727 111.1941 106.6992 -1 -1 -1 225 189.4623 160.3462 149.0362 -9999 -9999 -9999 -9999 -9999 -9999 -9999 -9999 -9999 -9999 -9999 -9999 -9999 -9999 -9999 -9999 -9999 -9999 -9999 -9999 -9999 -9999 -9999 -9999 -9999 -9999 -9999 -9999 -9999 -9999 -9999 -9999 -9999 -9999 -9999 -9999 -9999 -9999 -9999 -9999 -9999 -9999 -9999 -9999 -9999 -9999 -9999 -9999 -9999 -9999 -9999
26.56505 309.8056 282.2648 248.6294 223.2902 153.0042 103.6713 -1 -1 -1 258.6901 239.0362 315 341.5651 301.7595 231.009 149.5345 125.5377 -9999 -9999 -9999 -9999 -9999 -9999 -9999 -9999 -9999 -9999 -9999 -9999 -9999 -9999 -9999 -9999 -9999 -9999 -9999 -9999 -9999 -9999 -9999 -9999 -9999 -9999 -9999 -9999 -9999 -9999 -9999 -9999 -9999 -9999 -9999 -9999 -9999 -9999 -9999 -9999 -9999 -9999 -9999 -9999 -9999 -9999 -9999
45 90 225 199.9831 199.204 192.2648 176.8779 149.5345 190.4915 246.4477 255.4655 233.1301 267.2737 303.1113 32.47119 153.435 144.4623 124.1145 125.5377 143.7462 146.3099 -9999 -9999 -9999 -9999 -9999 -9999 -9999 -9999 -9999 -9999 -9999 -9999 -9999 -9999 -9999 -9999 -9999 -9999 -9999 -9999 -9999 -9999 -9999 -9999 -9999 -9999 -9999 -9999 -9999 -9999 -9999 -9999 -9999 -9999 -9999 -9999 -9999 -9999 -9999 -9999 -9999 -9999 -9999 -9999
198.435 108.435 213.6901 165.9638 175.6013 212.2757 190.9228 176.3478 206.565 244.44 225 183.3665 219.8056 228.4682 150.9454 108.435 113.1986 118.0725 135 147.5288 156.0375 180 90 306.2538 -9999 -9999 -9999 -9999 -9999 -9999 -9999 -9999 -9999 -9999 -9999 -9999 -9999 -9999 -9999 -9999 -9999 -9999 -9999 -9999 -9999 -9999 -9999 -9999 -9999 -9999 -9999 -9999 -9999 -9999 -9999 -9999 -9999 -9999 -9999 -9999 -9999 -9999 -9999 -9999 -9999
315 54.46232 351.8699 353.6598 82.87498 206.565 203.1986 212.0054 201.0375 216.6743 210.9638 191.9761 222.9546 223.4089 191.9761 144.4623 123.1113 112.3801 126.0274 139.7636 225 270 338.1986 309.144 302.7352 318.8141 3.366461 -9999 -9999 -9999 -9999 -9999 -9999 -9999 -9999 -9999 -9999 -9999 -9999 -9999 -9999 -9999 -9999 -9999 -9999 -9999 -9999 -9999 -9999 -9999 -9999 -9999 -9999 -9999 -9999 -9999 -9999 -9999 -9999 -9999 -9999 -9999 -9999 -9999 -9999
288.4349 45 71.56505 158.1986 117.8973 168.6901 203.1986 201.0375 169.6952 203.1986 222.2073 213.3106 211.5043 216.3844 200.0952 178.1524 135 91.97494 64.65382 0 0 345.9637 299.4759 278.1301 222.7974 177.8789 188.3929 205.2532 172.5686 186.3402 -9999 -9999 -9999 -9999 -9999 -9999 -9999 -9999 -9999 -9999 -9999 -9999 -9999 -9999 -9999 -9999 -9999 -9999 -9999 -9999 -9999 -9999 -9999 -9999 -9999 -9999 -9999 -9999 -9999 -9999 -9999 -9999 -9999 -9999 -9999
78.69007 239.0362 4.398705 19.98311 38.29016 45 315 135 113.1986 251.565 240.9454 211.4296 208.3008 213.3106 200.2249 204.444 190.008 86.18593 22.38013 351.8699 57.99462 45 263.6598 208.6105 180 173.6598 190.7843 198.435 173.6598 174.3693 201.8014 227.2026 -9999 -9999 -9999 -9999 -9999 -9999 -9999 -9999 -9999 -9999 -9999 -9999 -9999 -9999 -9999 -9999 -9999 -9999 -9999 -9999 -9999 -9999 -9999 -9999 -9999 -9999 -9999 -9999 -9999 -9999 -9999 -9999 -9999
15.46122 22.38013 354.8056 63.43495 64.98311 53.74616 11.30993 78.69007 123.6901 263.6598 243.435 202.3801 222.7094 213.6901 202.751 220.6013 218.991 213.6901 333.4349 11.30993 74.35775 81.8699 237.0948 160.0169 177.2737 245.556 315 0 45 352.875 299.4759 277.0013 289.44 309.8978 350.0958 -9999 -9999 -9999 -9999 -9999 -9999 -9999 -9999 -9999 -9999 -9999 -9999 -9999 -9999 -9999 -9999 -9999 -9999 -9999 -9999 -9999 -9999 -9999 -9999 -9999 -9999 -9999 -9999 -9999 -9999
19.68712 33.69007 11.02346 4.899093 25.34618 57.09476 45 56.30993 51.34019 293.1986 341.5651 14.03624 257.0054 196.9275 200.3764 226.8476 239.6209 247.6199 258.6901 18.43495 68.62938 59.03624 293.1986 63.43495 329.0363 301.6075 321.3402 353.4181 8.972627 355.0303 356.1859 262.304 261.7029 279.5667 330.9454 3.621485 351.6561 -9999 -9999 -9999 -9999 -9999 -9999 -9999 -9999 -9999 -9999 -9999 -9999 -9999 -9999 -9999 -9999 -9999 -9999 -9999 -9999 -9999 -9999 -9999 -9999 -9999 -9999 -9999 -9999
82.40536 57.52881 19.02561 354.5226 24.14554 52.12502 56.88866 45 50.19443 300.9637 225 135 296.5651 108.435 186.3402 233.6156 235.6197 205.0169 200.3764 183.3665 158.6294 341.5651 345.5792 7.305759 16.92751 264.2894 266.0091 302.0054 23.19859 5.194429 352.5686 342.0506 303.6901 276.3402 242.354 278.5308 357.5104 51.34019 51.61346 -9999 -9999 -9999 -9999 -9999 -9999 -9999 -9999 -9999 -9999 -9999 -9999 -9999 -9999 -9999 -9999 -9999 -9999 -9999 -9999 -9999 -9999 -9999 -9999 -9999 -9999
147.8043 126.1193 146.6894 199.9831 150.5241 82.87498 79.07719 198.435 135 168.6901 170.5377 192.9946 198.435 128.6598 116.565 260.5377 236.7683 177.1376 226.7899 291.3706 344.2488 327.7575 349.7559 22.10945 36.38435 5.710593 255.5792 241.9908 270 348.1113 341.5651 319.7636 293.9625 225 225 239.2811 237.5288 71.56505 56.84208 38.65981 17.9494 -9999 -9999 -9999 -9999 -9999 -9999 -9999 -9999 -9999 -9999 -9999 -9999 -9999 -9999 -9999 -9999 -9999 -9999 -9999 -9999 -9999 -9999 -9999 -9999
105.2551 101.9761 97.12502 174.8056 176.6335 125.0494 103.7816 26.56505 101.3099 135 0 45 173.6598 225 349.992 307.5686 288.4349 98.1301 273.3665 279.0903 308.8845 302.3474 333.4349 42.75426 21.80141 8.569142 16.11342 260.2176 234.7824 241.9275 192.9946 216.2538 213.6901 182.6026 223.4518 228.0128 225.9878 153.435 92.2026 25.97439 6.340192 19.79888 40.03026 -9999 -9999 -9999 -9999 -9999 -9999 -9999 -9999 -9999 -9999 -9999 -9999 -9999 -9999 -9999 -9999 -9999 -9999 -9999 -9999 -9999 -9999
36.8699 22.01128 21.03751 35.13419 51.84277 75.96375 79.21571 333.4349 11.30993 2.29061 3.012788 69.44395 71.56505 300.2564 329.0363 336.8014 90 315 279.2461 270 276.0724 270 222.2737 120.9638 165.9638 0 70.11484 113.1986 220.7636 226.5074 178.3634 192.5288 199.8852 185.5275 203.1986 206.565 219.144 195.2551 143.3659 216.0274 191.3099 113.9625 157.2035 225.9548 189.4623 -9999 -9999 -9999 -9999 -9999 -9999 -9999 -9999 -9999 -9999 -9999 -9999 -9999 -9999 -9999 -9999 -9999 -9999 -9999 -9999
41.56637 56.76829 18.43495 33.95906 24.77514 35.24757 45 12.72436 0 45 96.34019 92.72631 341.5651 268.0251 214.6952 161.565 195.9454 275.1944 292.8906 298.7398 303.3106 234.4623 175.2364 149.0362 186.3402 180.8814 150.0184 168.6901 310.6013 310.9144 93.36646 170.2176 183.8141 167.6609 214.3151 245.556 261.1194 229.2364 145.9541 190.1247 202.1664 100.0975 102.6193 212.2757 198.435 217.0928 -9999 -9999 -9999 -9999 -9999 -9999 -9999 -9999 -9999 -9999 -9999 -9999 -9999 -9999 -9999 -9999 -9999 -9999 -9999
81.65611 109.8552 176.3086 205.0169 77.00539 65.09523 67.20348 71.56505 135 135 142.5947 135 225 237.9946 203.1986 153.435 279.4623 283.6713 285.0685 263.1572 197.354 174.8056 165.6507 145.1247 171.8699 180 213.6901 300.9637 311.7295 344.0546 101.3099 132.7094 185.9061 18.43495 301.6513 307.4605 316.5911 291.8014 90 90 256.3287 67.83366 71.92768 98.97263 230.5722 244.0577 210.9638 156.1398 -9999 -9999 -9999 -9999 -9999 -9999 -9999 -9999 -9999 -9999 -9999 -9999 -9999 -9999 -9999 -9999 -9999
135 114.9285 127.4054 204.0442 201.5014 126.4692 68.70264 56.56013 40.03026 78.69007 90 26.56505 341.5651 296.5651 315 345.2564 338.9625 259.3803 241.3895 223.1524 185.1944 175.6013 176.1859 119.0546 129.2894 289.9831 313.5679 317.7927 309.2894 137.4895 125.5377 124.1145 255.2564 301.9081 304.5625 308.019 113.1986 169.8245 184.0856 127.4054 214.5625 194.4208 98.31028 -1 263.6598 251.565 167.8285 141.009 160.2532 176.9872 -9999 -9999 -9999 -9999 -9999 -9999 -9999 -9999 -9999 -9999 -9999 -9999 -9999 -9999 -9999
125.7539 117.7585 102.1715 164.3578 222.337 200.0952 112.1663 70.82099 80.13419 97.12502 333.4349 6.340192 32.47119 278.1301 258.6901 234.4623 270 239.0362 227.1211 214.3803 184.1849 203.6294 256.6075 6.340192 10.30485 320.5722 307.725 329.7436 87.27369 113.1986 127.0928 149.0362 275.7106 281.5752 280.3048 287.354 80.75389 118.3008 186.7662 146.113 190.4375 200.9427 131.5834 141.953 208.6105 228.3019 151.8584 113.0255 167.2757 236.6336 117.8973 -9999 -9999 -9999 -9999 -9999 -9999 -9999 -9999 -9999 -9999 -9999 -9999 -9999 -9999
19.23067 22.89055 38.08877 46.30195 198.435 189.7824 184.6859 143.8807 105.6423 85.23636 270 161.565 116.565 270 225 241.6992 281.3099 0 270 213.6901 185.9061 235.8855 261.1582 297.4744 1.84761 315 246.3706 168.6901 154.0935 108.435 105.6423 244.9831 283.5704 273.3665 249.1791 226.6366 112.1663 95.06361 146.3099 154.8852 180 216.5289 128.6598 118.8108 196.6992 225 167.3474 113.8753 144.4623 217.6476 189.2461 126.8699 71.56505 -9999 -9999 -9999 -9999 -9999 -9999 -9999 -9999 -9999 -9999 -9999 -9999
331.6992 57.09476 72.0506 71.02959 74.0546 130.2364 212.4712 149.7436 117.8973 120.9638 147.5288 180 258.6901 305.5377 0 273.0128 281.3099 18.43495 300.9637 354.8056 18.43495 255.0686 242.9279 235.008 239.9314 315 167.4712 150.124 180 145.9541 107.7004 279.6888 287.9279 272.1211 234.9262 219.6855 167.0054 113.4047 97.88314 130.7636 202.6199 262.875 75.96375 86.87787 155.556 221.6335 177.6141 135 122.4712 270 270 167.0054 131.8202 106.3895 -9999 -9999 -9999 -9999 -9999 -9999 -9999 -9999 -9999 -9999 -9999
194.9314 153.7117 131.0548 118.1416 80.75389 80.53768 172.5686 165.9638 131.8202 126.2538 140.7106 274.3987 303.6901 173.6598 209.0546 253.6105 225 184.3987 270 333.4349 52.59464 225 245.1363 264.6107 285.7512 356.6335 69.22775 91.33222 149.0362 169.8245 123.6901 285.6422 265.9144 214.6952 264.2894 248.9625 139.8991 143.1301 125.7539 108.435 255.9638 262.1847 120.9638 80.70669 87.87891 212.9052 194.7436 150.2551 146.3099 221.1859 198.435 151.3895 152.1027 161.565 0 -9999 -9999 -9999 -9999 -9999 -9999 -9999 -9999 -9999 -9999
171.8699 170.789 145.6197 110.556 48.36646 73.30076 94.08562 194.0362 116.565 115.3462 153.435 254.7449 165.9638 142.125 259.992 274.3987 210.9638 273.8141 292.8336 327.9946 51.00901 45 272.7263 277.0284 290.0952 66.80141 93.57633 72.47443 79.15969 146.3099 270 265.1009 222.9546 219.0939 254.3578 229.7636 104.8586 111.8014 132.8789 125.1342 225 218.8298 202.5206 99.78241 76.26373 135 188.1301 165.2564 164.0546 203.1986 194.7436 161.565 135 258.6901 149.0362 135 270 -9999 -9999 -9999 -9999 -9999 -9999 -9999 -9999
68.02549 137.6026 178.6678 187.5947 157.3801 101.7251 69.44395 45 115.0169 94.3987 8.130102 277.125 315 26.56505 290.2249 288.4349 26.56505 291.2505 300.9637 350.2176 0 12.61932 351.4692 252.7585 227.8624 154.7989 141.1155 135 90 85.6013 246.2505 227.8624 202.6199 245.556 259.439 187.125 108.435 62.24146 25.01689 28.00918 19.98311 183.3665 211.373 180 112.751 74.74488 120.9638 168.6901 225 300.9637 341.5651 225 191.3099 188.1301 168.6901 341.5651 291.0375 236.3099 -9999 -9999 -9999 -9999 -9999 -9999 -9999
48.01279 35.21759 22.24902 99.46232 145.7131 155.556 137.6026 135 165.9638 11.30993 9.462322 315 243.435 288.4349 290.556 288.4349 45 271.273 271.1691 307.875 308.2902 0 62.8787 225 239.0362 154.6538 121.6075 159.7751 104.4208 101.3099 236.3099 261.8699 311.6335 296.5651 291.0375 353.991 14.74356 13.24052 26.96571 43.40886 61.69925 77.73523 219.2894 192.2648 172.875 101.3099 86.63354 135 234.4623 225 171.8699 180 191.3099 288.4349 327.9946 349.6952 6.340192 149.0362 225 -9999 -9999 -9999 -9999 -9999 -9999
72.21611 34.38034 43.93909 63.43495 70.76933 60.25512 109.9831 -1 -1 30.96376 101.3099 225 153.435 239.0362 251.565 215.5377 261.8699 275.4403 263.3675 229.3987 247.3801 210.9638 100.8855 135 253.6105 192.9946 98.74616 111.8014 108.435 105.9454 230.1944 253.3008 252.7585 250.71 252.5973 262.875 0 36.46923 50.52754 64.74683 87.08916 98.74616 -1 270 188.1301 156.8014 119.0546 45 225 198.435 185.1944 203.1986 243.435 286.3895 299.0546 71.56505 116.565 135 278.1301 270 -9999 -9999 -9999 -9999 -9999
167.3807 161.565 113.4287 102.0306 52.12502 6.340192 37.03039 -1 -1 90 125.5377 225 101.3099 258.6901 231.3402 198.435 259.6952 270 251.565 265.9144 303.0239 354.2894 70.01689 104.5345 239.4208 216.0274 101.3099 81.8699 104.0362 102.5288 299.0546 258.6901 232.125 244.0256 251.565 229.514 173.8845 168.6901 216.2538 65.40988 79.46082 64.98311 352.875 37.87498 116.565 155.556 203.1986 135 63.43495 341.5651 324.4623 333.4349 315 279.4623 243.435 135 171.8699 278.1301 315 237.5288 229.0856 225 -9999 -9999 -9999
