Datasets/ASCII/aspect.asc
ncols         220
nrows         174
xllcorner     -88.683333333822
yllcorner     37.641666667611
cellsize      0.008333333333
NODATA_value  -9999
[rows 29 to 57 of 174, columns 0 to 64 of 220]
-9999 -9999 -9999 -9999 -9999 -9999 -9999 -9999 -9999 -9999 -9999 -9999 -9999 -9999 -9999 -9999 -9999 -9999 -9999 -9999 -9999 -9999 -9999 -9999 -9999 -9999 -9999 174.2894 159.7751 139.3987 206.565 225 195.2551 209.7449 158.1986 113.1986 246.8014 161.565 118.1786 161.565 276.3402 262.5686 169.992 126.4692 115.9744 216.4692 240.9454 80.53768 212.4712 154.6538 191.3099 219.8056 203.1986 240.9454 239.0362 172.875 154.44 188.7462 173.6598 206.565 217.875 155.556 174.8056 158.9625 143.1301
-9999 -9999 -9999 -9999 -9999 -9999 -9999 -9999 -9999 -9999 -9999 -9999 -9999 -9999 -9999 -9999 -9999 -9999 -9999 -9999 -9999 -9999 -9999 -9999 -9999 -9999 155.556 164.7449 153.435 150.9454 240.9454 153.435 156.8014 206.565 176.1859 161.565 198.435 145.8855 119.2488 257.7352 265.8151 200.556 157.8336 147.0948 127.6476 198.435 223.2643 168.6901 154.44 177.7094 225 239.0362 201.8014 194.0362 207.646 164.7449 149.9314 203.1986 218.6598 233.1301 198.435 153.435 171.8699 135 113.1986
-9999 -9999 -9999 -9999 -9999 -9999 -9999 -9999 -9999 -9999 -9999 -9999 -9999 -9999 -9999 -9999 -9999 -9999 -9999 -9999 -9999 -9999 -9999 -9999 -9999 170.5377 173.6598 144.4623 142.125 173.6598 206.565 180 158.1986 185.1944 168.6901 154.9831 213.6901 95.19443 52.76517 312.614 262.875 172.5686 144.7824 149.0362 160.56 241.6992 263.1572 167.4712 145.7843 212.9052 239.9314 203.1986 195.9454 175.6013 225 251.565 24.44395 333.4349 315 263.6598 300.9637 18.43495 23.19859 23.19859 40.23636
-9999 -9999 -9999 -9999 -9999 -9999 -9999 -9999 -9999 -9999 -9999 -9999 -9999 -9999 -9999 -9999 -9999 -9999 -9999 -9999 -9999 -9999 -9999 -9999 174.0939 243.435 341.5651 90 108.435 18.43495 135 164.7449 163.3008 182.7263 189.4623 135 234.4623 120.9638 131.6335 213.1113 202.3801 139.3987 122.0054 118.6105 302.0054 312.1376 305.5377 124.992 158.1986 281.3099 234.4623 208.3008 245.556 341.5651 251.565 235.3048 243.435 315 153.435 273.8141 311.9872 11.30993 57.09476 135 140.7106
-9999 -9999 -9999 -9999 -9999 -9999 -9999 -9999 -9999 -9999 -9999 -9999 -9999 -9999 -9999 -9999 -9999 -9999 -9999 -9999 -9999 -9999 -9999 81.8699 270 278.1301 116.565 127.875 217.875 144.4623 146.3099 151.6992 143.1301 261.8699 243.435 180 225 111.8014 120.3791 193.5704 225 120.9638 36.8699 6.072456 345.5792 305.5377 141.3402 109.9831 275.1944 266.6335 149.0362 201.8014 214.3803 216.2538 151.6992 207.646 214.992 184.3987 243.435 294.1455 302.1957 2.726311 25.34618 31.42957 67.38013
-9999 -9999 -9999 -9999 -9999 -9999 -9999 -9999 -9999 -9999 -9999 -9999 -9999 -9999 -9999 -9999 -9999 -9999 -9999 -9999 -9999 -9999 315 55.30485 285.2551 264.2894 119.0546 147.9946 225 147.5288 135 90 18.43495 298.3008 56.30993 150.9454 195.9454 94.3987 32.19573 22.75098 243.435 212.4712 270 26.56505 111.8014 167.4712 206.565 32.00538 353.6598 217.875 165.9638 173.6598 201.8014 222.1376 225 322.5946 320.1944 337.1664 344.9315 328.6713 328.134 348.1113 0 10.43748 19.4703
-9999 -9999 -9999 -9999 -9999 -9999 -9999 -9999 -9999 -9999 -9999 -9999 -9999 -9999 -9999 -9999 -9999 -9999 -9999 -9999 -9999 162.3499 198.435 172.875 220.9144 216.8699 114.1455 251.565 270 128.6598 170.5377 167.0054 189.4623 229.3987 140.1944 129.2894 189.4623 165.2564 214.6952 50.19443 74.0546 206.565 215.2176 175.9144 119.4759 138.8141 209.0546 185.1944 146.3099 180 150.2551 225 300.9637 279.4623 246.0375 233.1301 251.565 277.696 312.2737 320.5275 330.124 4.398705 356.9872 322.4314 29.47589
-9999 -9999 -9999 -9999 -9999 -9999 -9999 -9999 -9999 -9999 -9999 -9999 -9999 -9999 -9999 -9999 -9999 -9999 -9999 -9999 164.0546 139.9697 227.6026 203.9625 206.565 209.4759 128.2902 194.0362 190.008 135 157.6199 174.2894 230.1944 209.0546 152.1027 161.565 146.3099 156.0375 209.4759 191.3099 106.1892 90 203.9625 188.6156 165.9638 116.565 190.008 193.5704 187.4314 161.565 173.6598 253.3008 273.3665 315 258.6901 249.444 248.9625 239.4703 249.1455 285.0685 313.1524 45 100.4915 199.9831 169.992
-9999 -9999 -9999 -9999 -9999 -9999 -9999 -9999 -9999 -9999 -9999 -9999 -9999 -9999 -9999 -9999 -9999 -9999 -9999 3.814075 32.73523 49.96974 282.9946 165.9638 200.556 234.8658 123.6901 167.4712 205.3462 145.3048 129.2894 210.9638 240.2551 156.8014 164.3578 194.7436 139.7636 146.3099 194.0362 185.7106 152.1027 125.5377 128.2902 180 216.4692 78.69007 28.30076 353.6598 243.435 124.6952 210.9638 241.3895 244.44 234.4623 299.7449 315 341.5651 319.3987 287.1027 271.0051 214.2157 142.4959 133.6678 164.3578 188.1301
-9999 -9999 -9999 -9999 -9999 -9999 -9999 -9999 -9999 -9999 -9999 -9999 -9999 -9999 -9999 -9999 -9999 -9999 -9999 354.8056 38.29016 51.34019 67.61987 108.435 275.7106 250.0169 138.0128 194.0362 292.3801 26.56505 69.44395 225 189.4623 138.1798 171.0274 220.6013 143.1301 165.9638 180 125.5377 168.6901 168.6901 96.34019 0 275.1944 191.3099 156.8014 180 225 59.03624 336.8014 245.556 227.8624 225 260.2176 268.7811 288.4349 307.4054 270 219.2894 171.1193 155.3231 160.2011 137.2906 175.8151
-9999 -9999 -9999 -9999 -9999 -9999 -9999 -9999 -9999 -9999 -9999 -9999 -9999 -9999 -9999 -9999 -9999 -9999 90 270 45 47.8624 48.69139 56.30993 241.6992 216.2538 108.435 296.5651 282.0948 15.9454 75.06858 135 270 36.25384 45 233.1301 152.354 168.6901 206.565 151.6992 161.565 180 93.81407 0 210.9638 166.6075 176.9872 218.6598 198.435 180 315 0 270 261.2538 260.8376 254.0546 261.3843 286.3895 225 178.0251 150.4222 139.2364 182.2906 142.7652 137.0454
-9999 -9999 -9999 -9999 -9999 -9999 -9999 -9999 -9999 -9999 -9999 -9999 -9999 -9999 -9999 -9999 -9999 120.0686 101.3099 180 158.1986 145.3048 98.74616 66.80141 38.65981 233.1301 232.125 270 271.7357 127.875 109.359 149.0362 275.1944 8.130102 83.29016 156.8014 137.7263 166.6075 221.9872 171.8699 187.125 180 156.8014 108.435 90 116.565 174.8056 216.4692 187.125 208.3008 230.1944 206.565 293.1986 278.7462 280.6197 290.6955 298.1416 333.4349 119.7449 153.435 119.7449 101.3099 146.3099 140.1944 95.52754
-9999 -9999 -9999 -9999 -9999 -9999 -9999 -9999 -9999 -9999 -9999 -9999 -9999 -9999 -9999 -9999 175.6013 129.2894 106.3895 270 84.80557 122.9052 138.3665 108.435 16.92751 41.42366 176.1859 197.2415 217.4053 159.7751 135 180 221.9872 173.991 131.8202 160.0169 125.5377 135 245.556 168.6901 210.9638 203.1986 225 135 144.4623 111.3706 135 270 251.565 213.6901 220.2364 214.6952 266.9872 297.2553 307.304 305.3112 303.3106 66.80141 113.9625 163.8108 177.8789 131.6335 131.1859 171.8699 105.2551
-9999 -9999 -9999 -9999 -9999 -9999 -9999 -9999 -9999 -9999 -9999 -9999 -9999 -9999 -9999 59.93142 71.56505 122.4712 119.7449 198.435 130.9144 114.444 105.2551 251.565 276.3402 67.83366 81.8699 180 204.444 182.2906 123.6901 315 144.4623 147.5288 130.9144 78.69007 108.435 206.565 251.565 -1 300.9637 330.9454 45 135 135 124.3803 236.3099 282.9946 353.6598 59.03624 270 285.9454 288.4349 292.8906 291.5713 271.7357 221.9872 140.7106 125.5377 156.8014 168.6901 163.3008 164.0546 176.9872 141.3402
-9999 -9999 -9999 -9999 -9999 -9999 -9999 -9999 -9999 -9999 -9999 -9999 -9999 -9999 -9999 60.9454 73.30076 110.2249 135 164.0546 139.0856 118.3008 90 300.9637 279.4623 64.98311 61.50436 17.10273 341.5651 330.9454 355.9144 32.00538 74.0546 75.25644 90 135 105.2551 243.435 198.435 180 240.9454 203.1986 135 135 113.1986 131.1859 190.3048 226.9091 240.9454 51.34019 296.5651 278.9726 280.1755 272.7263 243.435 205.821 190.1755 145.4915 117.4744 108.435 112.1663 186.3402 315 127.4054 150.9454
-9999 -9999 -9999 -9999 -9999 -9999 -9999 -9999 -9999 -9999 -9999 -9999 -9999 -9999 90 80.53768 86.18593 99.78241 135 135 60.9454 60.9454 30.96376 315 216.8699 168.6901 52.12502 21.37062 11.30993 266.1859 270 92.29061 117.646 135 147.5288 180 161.565 258.6901 120.9638 146.3099 208.3008 187.125 214.6952 353.6598 75.96375 90 125.5377 227.8624 238.627 236.3099 334.9831 307.875 276.7098 259.3803 220.9144 205.3462 194.7436 147.0948 135 142.5947 119.7449 236.3099 154.6538 133.4518 161.565
-9999 -9999 -9999 -9999 -9999 -9999 -9999 -9999 -9999 -9999 -9999 -9999 -9999 331.6992 5.710593 30.96376 49.57392 48.69139 30.25644 0 51.34019 71.56505 0 56.30993 135 202.3801 255.9638 54.46232 92.72631 234.4623 204.444 105.2551 71.56505 41.63354 19.65382 8.746162 349.992 341.5651 64.98311 97.12502 246.8014 276.3402 264.2894 189.4623 109.44 110.2249 116.565 278.1301 266.9872 254.3578 280.008 303.6901 280.4915 270 234.4623 225 169.992 163.0725 153.435 141.8428 151.3895 180 152.2415 129.4725 141.7098
-9999 -9999 -9999 -9999 -9999 -9999 -9999 -9999 -9999 -9999 -9999 -9999 -9999 299.0546 319.7636 14.93142 24.22775 26.11391 29.24883 30.37913 64.65382 96.34019 188.1301 135 112.3801 240.9454 249.7751 119.7449 81.8699 305.5377 180 111.8014 18.43495 3.576334 8.530766 19.35899 351.4692 14.03624 70.46335 56.30993 326.3099 332.354 341.5651 135 119.0546 119.7449 120.9638 281.3099 287.1027 261.8699 247.3801 246.8014 265.6013 264.2894 276.3402 288.4349 108.435 135 130.6013 116.565 153.435 153.435 117.8973 102.2648 98.1301
-9999 -9999 -9999 -9999 -9999 -9999 -9999 -9999 -9999 -9999 -9999 -9999 184.3987 233.1301 270 330.2551 24.77514 42.51045 62.81889 65.55605 67.83366 55.61966 0 22.38013 38.29016 0 192.9946 163.3008 149.0362 90 135 180 293.1986 299.0546 21.80141 36.8699 353.6598 99.46232 86.18593 11.30993 320.7106 298.3008 21.03751 64.44003 73.07249 32.47119 15.9454 284.0363 264.8056 289.7989 310.0303 325.3048 261.0274 236.3099 225 198.435 111.0375 117.8973 135 120.0686 122.0054 161.565 141.3402 93.01279 90
-9999 -9999 -9999 -9999 -9999 -9999 -9999 -9999 -9999 -9999 -9999 5.710593 116.565 240.2551 250.2011 232.125 144.4623 119.7449 109.5367 90 77.00539 30.96376 353.1572 12.09476 42.27369 66.03751 75.96375 18.43495 225 123.6901 90 303.6901 309.2894 318.3665 0 58.24052 102.9946 86.98721 33.69007 354.0939 347.0054 343.1786 42.27369 90 86.63354 75.96375 0 275.1944 256.6075 272.6026 286.9275 45 270 232.125 209.0546 205.3462 149.0362 86.63354 90 115.0169 108.435 128.6598 161.565 138.5763 135
-9999 -9999 -9999 -9999 -9999 -9999 -9999 -9999 -9999 -9999 -9999 57.52881 95.19443 182.1211 201.3706 209.7449 163.4429 143.427 135 92.72631 59.93142 354.2894 342.8973 19.79888 54.46232 52.76517 20.22486 50.71059 125.5377 165.9638 161.565 233.1301 241.6992 258.6901 180 90 28.30076 1.735705 351.573 349.2869 349.5085 8.392925 69.22775 75.06858 20.22486 66.2505 155.556 203.9625 237.5288 250.1148 225 204.444 254.7449 206.565 194.0362 215.5377 204.444 90 61.38954 45 37.87498 48.36646 90 131.4237 146.3099
-9999 -9999 -9999 -9999 -9999 -9999 -9999 -9999 -9999 -9999 143.1301 98.74616 83.65981 102.0948 192.0948 214.992 174.8056 149.9314 180 37.87498 41.18592 354.8056 296.5651 36.8699 55.30485 52.43141 36.25384 59.03624 49.76364 14.03624 101.3099 187.125 202.6199 208.4956 194.4208 130.2364 315 299.7449 309.6442 331.1443 8.130102 88.66778 97.0284 95.19443 329.0363 54.46232 45 341.5651 270 268.5312 253.3008 240.2551 225 171.8699 180 244.9831 255.9638 180 18.43495 30.96376 39.28941 59.74356 75.57922 62.10273 49.76364
-9999 -9999 -9999 -9999 -9999 -9999 -9999 -9999 -9999 -9999 168.6901 71.56505 63.43495 67.9321 8.972627 291.8014 176.9872 194.0362 254.7449 135 105.9454 135 164.7449 172.5686 142.125 102.2648 85.6013 60.25512 32.90524 30.96376 71.56505 8.130102 322.125 225 240.9454 215.5377 243.435 277.4314 261.0274 213.6901 148.6713 130.4261 116.565 118.6105 200.556 135 47.72631 17.10273 309.8056 289.5367 264.8056 192.5288 189.1624 178.0251 220.6013 259.6952 194.0362 270 318.0128 50.71059 94.89909 119.7449 114.6769 153.435 34.69515
-9999 -9999 -9999 -9999 -9999 -9999 -9999 -9999 -9999 85.91438 147.5288 161.565 117.8973 84.09386 328.3925 1.169139 55.95406 212.4712 235.6197 149.0362 130.9144 185.1944 126.2538 150.9454 166.6075 139.3987 120.9638 113.1986 98.1301 106.6992 111.8014 278.1301 315 90 257.0054 217.875 266.1859 275.7106 213.6901 177.2737 151.3895 122.2756 105.2551 90 320.7106 0 111.8014 347.0054 326.3099 281.3099 243.435 120.9638 168.6901 220.2364 244.6538 225 194.0362 270 292.1664 85.81509 96.34019 85.23636 69.44395 333.4349 63.43495
-9999 -9999 -9999 -9999 -9999 -9999 -9999 -9999 192.2648 132.2737 116.565 127.875 138.8141 128.6598 254.4759 295.56 54.46232 35.90972 225 161.565 148.2405 177.5105 150.5241 145.3048 149.0362 153.435 147.5288 146.3099 164.7449 100.3048 98.97263 180 195.2551 246.8014 315 251.565 264.8056 225 165.9638 149.0362 120.9638 76.60751 64.29005 40.91438 315 53.74616 68.19859 278.9726 329.0363 263.6598 225 45 29.74488 293.1986 234.4623 261.8699 306.8699 288.4349 284.5345 69.90477 58.24052 59.62087 80.21759 323.1301 59.03624
-9999 -9999 -9999 -9999 -9999 -9999 -9999 -9999 149.0362 180 323.1301 45 68.62938 90 227.7263 227.9357 119.0546 61.69925 62.35402 104.0362 96.34019 111.8014 135 158.9625 151.6992 149.0362 156.8014 158.6294 182.7263 140.1944 98.1301 118.6105 215.5377 239.7436 161.565 282.9946 257.0054 195.2551 153.435 158.1986 161.565 98.1301 75.25644 67.61987 246.8014 90 78.69007 239.0362 206.565 156.8014 194.0362 211.7595 150.9454 144.4623 251.565 277.696 300.2564 292.751 285.2551 98.53077 111.5713 118.6105 133.3634 199.359 166.6075
-9999 -9999 -9999 -9999 -9999 -9999 -9999 130.9144 93.01279 275.1944 285.9454 36.02737 45 57.99462 26.56505 230.1944 191.8887 139.3987 104.0362 45 86.18593 117.8973 135 156.8014 128.6598 135 143.7462 146.3099 185.1944 180 131.8202 108.435 239.0362 254.7449 285.9454 315 206.565 167.0054 171.8699 210.9638 315 45 57.99462 64.65382 56.30993 156.8014 112.6199 188.1301 194.0362 141.1155 200.556 231.5819 201.8014 116.565 243.435 240.9454 218.6598 211.866 187.5238 142.9893 146.5346 138.1798 109.6538 215.5377 184.7636
-9999 -9999 -9999 -9999 -9999 -9999 -9999 101.3099 77.00539 288.4349 259.3803 135 88.02506 88.5312 94.3987 168.6901 181.8476 159.7751 166.7595 191.3099 120.9638 132.1376 159.444 168.6901 142.5947 135 90 101.3099 180 172.875 138.1798 161.565 325.7843 317.2906 285.9454 191.3099 143.1301 147.5288 206.565 240.9454 246.8014 18.43495 23.96249 37.56859 41.82017 55.30485 79.69515 71.56505 153.435 99.46232 240.9454 263.047 275.1944 119.0546 187.125 213.2317 203.1986 192.9946 175.156 143.6156 111.0375 109.7989 135 116.565 161.565
-9999 -9999 -9999 -9999 -9999 -9999 51.17017 21.03751 30.06858 77.00539 205.71 178.727 152.2415 121.6075 108.435 119.7449 180 90 45 263.6598 99.78241 101.3099 135 158.9625 135 171.8699 146.3099 130.0303 174.8056 176.6335 108.435 296.5651 270 210.9638 180 196.6992 151.6992 168.6901 278.1301 239.0362 188.1301 194.7436 213.6901 90 36.8699 29.74488 53.74616 39.80557 12.99462 45 346.6075 284.0363 167.7352 161.565 191.3099 212.9052 213.6901 203.9625 194.0362 63.43495 87.51044 101.3099 151.3895 177.5105 261.8699
