Datasets/ASCII/aspect.asc
ncols         220
nrows         174
xllcorner     -88.683333333822
yllcorner     37.641666667611
cellsize      0.008333333333
NODATA_value  -9999
[rows 145 to 173 of 174, columns 65 to 129 of 220]
204.444 105.9454 99.46232 59.03624 339.444 24.44395 53.74616 259.6952 225 168.6901 45 40.91438 297.646 300.9637 86.18593 315 315 270 248.1986 180 146.3099 198.435 198.435 -1 -1 212.4712 135 284.0363 300.9637 63.43495 83.65981 225 251.565 293.1986 348.6901 -1 -1 -1 206.565 270 8.130102 116.565 167.0054 0 334.9831 0 0 187.5947 165.9638 258.6901 351.8699 101.3099 209.0546 120.9638 26.56505 63.43495 -1 174.8056 180 188.1301 201.8014 251.565 315 239.0362 239.0362
194.0362 144.4623 135 171.8699 246.8014 75.96375 75.96375 263.6598 212.4712 225 225 34.69515 315 225 90 315 315 348.6901 306.8699 8.130102 30.96376 333.4349 341.5651 35.53768 62.35402 135 161.565 231.3402 254.7449 52.12502 63.43495 0 300.9637 270 225 101.3099 45 -1 -1 -1 198.435 -1 -1 -1 319.0856 45 77.00539 -1 325.3048 315 0 36.8699 6.340192 0 116.565 -1 90 33.69007 0 341.5651 303.6901 284.0363 341.5651 0 239.0362
90 123.6901 56.30993 60.9454 225 168.6901 149.9314 180 248.1986 284.0363 288.4349 315 330.9454 0 23.19859 14.03624 315 296.5651 296.5651 326.3099 16.69924 12.99462 315 26.56505 66.80141 -1 161.565 225 250.2011 174.8056 104.0362 324.4623 351.8699 315 293.1986 35.53768 23.19859 33.69007 15.25512 318.8141 356.1859 29.74488 341.5651 291.8014 -1 118.7398 112.3801 315 315 339.444 3.012788 356.9872 13.3925 35.53768 90 -1 0 45 348.6901 0 161.565 251.565 300.9637 30.96376 324.4623
101.3099 158.9625 254.7449 45 85.6013 146.3099 216.8699 180 273.3665 266.1859 206.565 225 225 236.3099 71.56505 33.69007 353.6598 348.6901 180 225 180 98.1301 261.8699 135 112.1663 106.3895 -1 -1 249.444 175.6013 149.0362 251.565 45 0 278.1301 116.565 341.5651 35.53768 18.43495 265.6013 161.565 108.435 278.1301 251.565 188.1301 100.3048 63.43495 281.3099 279.4623 261.8699 161.565 161.565 206.565 75.96375 -1 -1 315 45 45 135 135 276.3402 281.3099 0 306.8699
71.56505 20.22486 288.4349 153.435 98.97263 26.56505 322.125 341.5651 270 206.565 198.435 192.9946 174.8056 200.7722 198.435 206.565 296.5651 18.43495 18.43495 315 180 153.435 175.6013 146.3099 45 38.99099 23.19859 -1 -1 149.0362 161.565 236.3099 234.4623 -1 161.565 180 275.1944 45 66.80141 270 329.0363 21.80141 45 248.9625 311.9872 5.856014 38.79655 354.8056 246.8014 191.3099 234.4623 30.96376 315 49.76364 -1 6.340192 351.8699 8.130102 35.53768 35.53768 348.6901 288.4349 225 258.6901 288.4349
202.3801 0 61.69925 45 59.03624 30.96376 300.9637 324.4623 325.3048 8.130102 101.3099 173.6598 161.565 216.2538 232.125 248.9625 300.9637 333.4349 356.4237 8.746162 35.53768 74.74488 128.6598 174.8056 257.0054 78.69007 80.53768 261.8699 -1 135 -1 261.8699 225 198.435 116.565 300.9637 278.1301 90 83.65981 279.4623 291.8014 6.340192 55.30485 305.2176 302.1644 356.7845 46.34789 51.00901 180 281.3099 293.1986 331.6992 331.3895 32.47119 61.92751 -1 354.8056 18.43495 26.56505 0 356.1859 45 225 290.556 -1
212.0054 195.6422 161.565 135 119.0546 135 300.9637 225 241.6992 161.565 93.01279 113.1986 270 243.435 237.0948 252.8973 270 280.3048 45 119.0546 140.7106 110.2249 122.9052 -1 -1 158.6294 130.2364 183.8141 -1 198.435 270 251.565 206.565 234.4623 251.565 281.3099 225 155.556 149.0362 243.435 213.6901 212.4712 33.69007 291.4477 278.5836 307.6476 61.34817 66.20923 4.763642 347.4712 311.8202 326.8887 333.4349 41.42366 57.99462 -1 347.0054 348.6901 22.16635 36.8699 315 25.34618 -1 -1 306.6341
45 210.9638 189.4623 165.9638 158.1986 270 135 147.0948 196.1892 202.1664 -1 75.96375 281.3099 333.4349 302.9052 285.6422 270 255.2564 145.3048 120.0686 146.3099 112.6199 -1 -1 -1 198.435 113.1986 78.69007 -1 305.5377 0 45 180 225 216.8699 270 45 101.3099 293.1986 348.6901 300.9637 305.5377 329.5345 330.9454 307.5284 289.179 84.92039 73.07249 5.194429 29.74488 299.4759 306.8699 351.8699 45 45 27.34988 -1 -1 -1 -1 -1 -1 -1 295.821 239.0362
90 296.5651 18.43495 45 326.3099 296.5651 96.34019 74.0546 63.43495 229.3987 195.9454 149.0362 293.1986 315 273.8141 264.2894 262.875 218.6598 147.5288 96.34019 18.43495 57.52881 -1 -1 -1 -1 270 56.30993 -1 288.4349 45 26.56505 0 333.4349 341.5651 248.9625 180 14.03624 315 346.6075 340.56 312.337 300.7355 318.4336 331.6992 171.8699 122.4712 109.0577 90 75.96375 279.4623 251.565 135 156.8014 90 40.23636 352.875 284.0363 0 358.1524 353.2902 60.25512 83.65981 220.6013 206.565
45 318.1798 11.30993 53.1301 303.6901 341.5651 62.10273 45 39.28941 345.9637 258.6901 243.435 255.9638 -1 -1 228.5763 183.5763 186.953 212.4712 225 329.0363 1.84761 33.69007 39.80557 45 0 315 -1 299.0546 309.8056 353.6598 357.5104 2.489553 337.8336 19.79888 90 212.0054 232.125 302.6609 334.0577 359.2927 344.3578 235.0806 229.0142 181.273 136.1458 130.684 139.7636 300.9637 28.7398 59.93142 225 216.8699 30.96376 329.0363 345.4655 18.43495 0 293.1986 261.8699 101.3099 95.71059 101.3099 315 270
21.03751 289.9831 45 70.20113 288.4349 225 100.3048 315 0 21.80141 9.462322 0 213.6901 -1 248.1986 204.444 -1 -1 228.0128 199.7989 225 220.6013 113.1986 97.59464 45 -1 -1 10.30485 355.6013 288.4349 318.3665 10.30485 32.47119 298.6105 45 68.49857 270 237.9946 280.0806 306.1796 51.34019 83.65981 268.0251 239.4208 168.0239 151.1134 108.435 342.4076 328.5359 29.74488 63.00416 0 284.0363 351.8699 347.2756 322.125 18.43495 16.11342 35.53768 194.0362 168.6901 107.4472 321.3402 340.2011 32.00538
56.30993 265.6013 161.565 78.69007 108.435 180 111.8014 304.992 344.7449 51.70984 53.1301 75.96375 -1 225 233.1301 284.0363 356.1859 -1 -1 -1 204.444 186.3402 161.565 138.3665 -1 -1 338.8753 7.52382 33.05582 347.0054 261.2538 45 39.80557 277.125 120.0686 84.80557 14.74356 329.0363 271.5482 256.185 115.2011 130.9144 225 191.3099 152.4472 181.8476 244.6538 285.9454 290.0952 56.68937 27.58203 4.573921 347.4712 0 0 282.0948 90 104.9314 121.4296 156.8014 175.9144 135 302.4712 323.7462 66.2505
45 307.875 11.30993 82.87498 80.53768 101.3099 168.6901 252.8973 210.9638 108.435 45 33.69007 -1 135 275.1944 306.2538 344.7449 1.84761 17.52557 39.47246 -1 180 173.6598 -1 -1 306.511 318.9182 10.58164 45.6662 29.40719 328.4957 336.8014 351.1194 4.763642 46.39718 40.6013 338.1986 2.121096 266.2847 207.4076 135.9548 160.0169 200.0952 178.5312 187.125 305.5377 306.4692 282.5288 292.3801 72.89727 326.3099 353.8845 23.68209 21.80141 27.47443 251.565 146.3099 136.9091 71.56505 7.305759 0 342.2161 342.2553 18.43495 88.2643
356.1859 324.4623 0 24.77514 34.2157 49.08562 0 291.3706 90 109.9831 240.9454 -1 -1 11.30993 296.5651 284.3493 313.9949 2.231175 28.03385 39.7261 16.07357 -1 -1 -1 -1 286.2324 260.7067 165.9638 84.52263 45 353.047 322.125 323.8806 32.00538 67.44276 36.8699 321.7098 56.30993 245.556 194.9314 119.0546 123.6901 258.6901 173.6598 252.8973 256.4296 198.435 242.1985 207.646 148.4486 218.0189 219.8056 114.444 69.77514 86.18593 113.1986 79.69515 1.84761 337.4427 0.7440592 7.125016 339.1022 10.17551 62.74467 65.55605
4.460848 0 353.3456 348.8182 19.61209 47.2026 4.398705 281.3099 104.0362 55.30485 351.8699 -1 -1 320.1944 318.0128 298.8355 279.4623 177.2737 90 65.85446 30.96376 355.3141 -1 -1 309.2894 235.7843 225 192.0948 101.9761 61.69925 8.130102 293.9625 181.9749 156.541 123.6901 90 270 24.44395 325.7843 343.0725 24.44395 8.972627 23.96249 59.03624 248.1986 198.435 180 206.565 185.1944 166.7595 239.3227 261.3268 338.9625 35.53768 79.50852 45 341.5651 348.6901 325.008 41.18592 94.3987 201.3706 145.3048 138.5763 126.8699
21.03751 358.0251 352.9333 335.1707 88.09085 93.01279 124.6952 193.3925 191.3099 153.435 105.2551 -1 319.0856 317.9108 327.0568 337.7144 6.709837 4.398705 30.25644 89.09062 71.56505 301.866 0 66.03751 48.81408 219.8056 217.0565 213.1113 167.0054 77.47119 59.03624 147.5288 135 188.1301 28.61046 61.69925 156.8014 276.3402 318.9452 358.4518 9.162347 42.27369 63.43495 24.44395 341.5651 310.2364 334.8552 9.090277 32.00538 307.875 297.3499 275.5275 284.0363 28.1416 51.4416 357.7974 321.789 8.615648 113.1986 143.1301 143.1301 174.4007 169.5085 18.43495 48.36646
77.98853 151.2602 167.7352 159.9048 149.9314 137.5261 108.435 180 218.6598 167.4712 -1 313.5312 336.2505 322.5238 318.6139 8.426969 50.90614 34.99202 75.06858 73.30076 0 246.0375 158.6294 170.5377 13.3925 59.03624 205.0169 227.9357 235.1247 68.19859 100.3048 135 84.80557 310.7636 35.53768 79.69515 29.0546 278.1301 272.6026 341.5651 64.44003 108.435 116.565 135 90 281.8887 294.2744 24.22775 19.0577 322.8153 319.6669 317.2906 238.627 198.435 45 1.684684 338.9625 57.52881 93.50353 92.12109 68.49857 22.38013 311.9872 348.6901 46.30195
147.0613 154.6179 165.5792 143.5308 129.8056 144.4623 98.1301 45 -1 -1 -1 316.0512 337.9541 321.4416 288.4349 65.85446 34.11447 41.30861 61.69925 43.15239 40.76361 92.72631 37.87498 317.2026 37.87498 93.99091 83.65981 270 260.1342 225 78.02386 45 334.6538 273.8141 127.875 102.7244 331.3895 322.5946 297.8973 184.3987 123.6901 113.6294 120.9638 174.8056 168.6901 244.9831 227.6026 208.0725 30.96376 279.1624 263.3675 149.0362 167.0054 209.5388 205.0169 181.9749 236.3099 49.57392 45 16.60698 37.05653 24.44395 287.0205 165.9638 100.3048
158.9625 161.2114 162.4744 128.6598 159.7751 168.6901 155.556 -1 -1 -1 275.6483 270 214.6952 213.6901 237.2005 143.5308 149.0362 112.1663 85.6013 84.28941 92.72631 45 334.7989 9.462322 122.1957 102.2648 50.71059 237.9946 225 227.1211 65.55605 25.55997 341.5651 60.25512 90 351.0274 326.3099 324.1624 332.8189 36.25384 59.53445 71.56505 90 153.435 236.3099 218.6598 225 214.2869 185.0131 201.9745 212.3474 167.125 163.9264 226.4321 208.6105 181.0051 213.9298 237.8043 37.40536 45 80.36246 98.1301 234.4623 150.4222 147.0948
104.0362 225 165.2564 129.2894 168.6901 -1 -1 -1 -1 351.8699 239.9314 235.0806 208.6861 205.3462 219.0531 164.4275 160.3014 177.2737 174.2894 108.435 70.20113 351.8699 349.992 97.12502 77.47119 348.6901 40.91438 45 277.5946 282.8043 330.2551 20.22486 347.7352 52.12502 55.30485 310.9144 292.1664 301.5043 319.7636 37.14669 52.69605 67.98872 78.69007 90 225 180 216.2538 200.7722 188.1301 207.7585 198.435 170.5377 206.565 248.4287 228.3665 270 279.4623 259.992 174.8056 75.25644 73.1416 42.61406 344.3578 94.96974 152.354
135 225 115.0169 90 -1 -1 -1 330.9454 304.6952 0 300.9637 264.6991 254.1975 164.7449 210.9638 168.6901 130.8151 191.8887 221.5318 148.2405 146.3099 288.4349 33.69007 51.34019 356.9872 339.9048 62.52557 71.56505 271.7357 263.047 225 270 324.4623 61.2602 50.44033 339.7751 298.7398 294.444 243.435 135 126.2538 114.444 99.16235 90 315 11.30993 315 341.5651 349.1145 0 71.56505 180 231.8428 219.9576 218.2902 237.9946 259.992 264.2894 264.8056 57.09476 64.98311 11.82149 31.50427 84.52263 348.6901
-9999 -9999 -9999 -1 305.5377 0 334.44 356.1859 343.3008 348.6901 347.0054 260.3948 221.1859 167.6192 244.0935 180 106.1134 165.0686 204.444 179.0906 186.1155 213.3664 200.2249 45 334.29 348.6901 68.02549 56.68937 280.008 234.4623 197.2415 217.5686 231.3402 60.25512 23.62938 1.735705 309.5597 255.9638 151.3895 126.1193 124.5625 135 26.56505 4.085617 30.96376 0 274.0856 294.8637 334.44 6.340192 22.45694 10.98065 348.6901 324.4623 240.5241 218.4802 230.1944 254.1975 281.3099 45 66.80141 66.80141 108.435 86.98721 347.4712
-9999 -9999 -9999 -9999 -9999 -9999 308.2902 0 52.12502 315 328.2405 338.9625 270 278.1301 303.1785 4.184916 61.82141 73.61046 198.435 206.565 225 249.6236 247.3801 198.435 217.875 219.2894 55.88553 29.98164 15.46122 333.4349 332.1027 298.3008 263.6598 302.0054 33.69007 83.65981 182.4895 175.8151 167.0054 129.4725 111.8014 26.56505 316.5482 14.34933 64.65382 108.435 221.4237 248.3556 262.5686 332.1027 13.3925 20.65891 9.462322 359.029 7.125016 9.462322 252.8973 242.2815 235.6197 270 90 116.9958 130.6013 116.565 13.3925
-9999 -9999 -9999 -9999 -9999 -9999 -9999 -9999 -9999 351.8699 334.7468 30.96376 26.56505 286.6992 294.1455 68.19859 87.95459 73.17859 2.726311 330.2551 18.43495 257.0054 240.9454 176.6335 225 270 339.444 24.27444 56.88866 326.8887 334.44 12.26477 322.4314 295.3462 103.3925 102.9946 105.9454 127.875 150.2551 124.8753 116.565 316.9749 311.8202 70.46335 87.7974 75.96375 180 261.8699 248.3852 195.5241 207.2553 305.5377 11.88866 349.5923 15.42216 25.76933 326.3099 229.0856 239.8586 191.3099 127.3332 121.5514 113.1986 302.0054 357.2737
-9999 -9999 -9999 -9999 -9999 -9999 -9999 -9999 -9999 -9999 -9999 -9999 -9999 261.3843 229.8991 144.2461 137.7927 129.2894 215.5377 242.1027 108.435 236.3099 222.1376 259.6952 316.8476 320.9061 297.2553 29.0546 66.41297 309.2894 263.6598 75.96375 161.565 172.4053 150.7086 156.8014 140.7106 119.7449 131.6335 71.56505 330.5241 331.3895 270 113.6294 86.00909 75.96375 -1 259.1597 225 192.9946 254.5388 291.3706 15.64225 335.556 340.0169 16.60698 25.76933 19.79888 261.0274 214.6952 78.23171 50.04245 358.7811 321.3402 338.9625
-9999 -9999 -9999 -9999 -9999 -9999 -9999 -9999 -9999 -9999 -9999 -9999 -9999 -9999 -9999 -9999 -9999 -9999 194.7436 198.435 225 320.0424 337.6199 344.4072 337.9321 300.9637 275.5275 345.9637 73.52312 34.38034 270 135 56.30993 93.81407 128.4181 173.2902 176.8202 154.7989 164.0546 307.6476 319.3987 19.98311 45 50.19443 75.65067 79.69515 341.5651 273.1798 273.0128 273.3665 259.5085 217.875 170.6764 181.9091 225 216.2538 59.03624 48.81408 288.4349 293.4986 23.68209 12.99462 355.3999 9.782407 14.03624
-9999 -9999 -9999 -9999 -9999 -9999 -9999 -9999 -9999 -9999 -9999 -9999 -9999 -9999 -9999 -9999 -9999 -9999 -9999 -9999 -9999 -9999 -9999 319.9697 5.599339 338.0851 335.8978 6.263491 42.16589 21.37062 356.4965 21.80141 101.3099 106.6992 98.61565 341.5651 6.340192 27.64598 325.4915 300.5792 289.7989 350.8376 5.710593 48.81408 65.37643 40.03026 32.00538 270 267.5104 294.7751 274.7636 180 191.3099 237.5288 236.6894 209.7449 208.6105 38.29016 352.875 273.3665 281.3099 335.2249 357.8789 47.96094 74.24883
-9999 -9999 -9999 -9999 -9999 -9999 -9999 -9999 -9999 -9999 -9999 -9999 -9999 -9999 -9999 -9999 -9999 -9999 -9999 -9999 -9999 -9999 -9999 -9999 -9999 -9999 -9999 -9999 -9999 -9999 -9999 85.10091 114.6769 113.7495 56.30993 330.5241 349.3803 356.6335 336.8014 347.0054 281.3099 297.0721 20.77225 73.07249 46.68468 37.87498 54.46232 270 230.7106 252.3499 275.1944 38.65981 306.0274 325.3048 281.3099 257.7352 274.1849 320.7106 9.090277 -9999 -9999 -9999 -9999 -9999 -9999
-9999 -9999 -9999 -9999 -9999 -9999 -9999 -9999 -9999 -9999 -9999 -9999 -9999 -9999 -9999 -9999 -9999 -9999 -9999 -9999 -9999 -9999 -9999 -9999 -9999 -9999 -9999 -9999 -9999 -9999 -9999 -9999 -9999 -9999 -9999 -9999 -9999 -9999 -9999 -9999 -9999 -9999 -9999 -9999 -9999 -9999 -9999 -9999 -9999 -9999 -9999 -9999 -9999 -9999 -9999 -9999 -9999 -9999 -9999 -9999 -9999 -9999 -9999 -9999 -9999
