Datasets/ASCII/aspect.asc
ncols         220
nrows         174
xllcorner     -88.683333333822
yllcorner     37.641666667611
cellsize      0.008333333333
NODATA_value  -9999
[rows 58 to 86 of 174, columns 65 to 129 of 220]
267.2737 280.3048 326.3099 234.4623 235.008 235.008 240.5241 243.435 231.009 237.0948 198.435 111.0375 280.008 273.5763 233.1301 180 152.7447 115.0169 68.7495 83.45371 94.3987 198.435 239.4703 247.5206 250.1148 228.9452 187.4314 169.5085 153.0042 140.5722 150.6422 116.565 135 262.304 258.6901 263.991 45 82.40536 80.75389 77.47119 299.7449 327.5288 49.57392 79.82449 68.19859 352.875 345.4655 354.8056 5.52754 357.7094 23.19859 78.69007 191.3099 166.7595 187.125 235.8403 188.8068 158.3852 0 69.44395 83.991 281.3099 0 64.98311 180
323.5308 300.9637 45 135 263.6598 270 266.9872 250.2011 243.435 242.354 260.5377 347.0054 331.8584 340.3462 341.5651 126.2538 135 165.9638 145.3048 112.1095 103.7363 288.4349 267.5104 242.9691 231.4831 199.2307 176.4965 176.0091 144.4623 138.3665 169.3803 113.1986 0 308.7965 323.8204 315 64.65382 87.82526 59.47029 59.03624 274.3987 212.9052 130.1009 124.6952 209.0546 295.0169 318.5763 8.130102 90 165.9638 108.435 98.1301 129.2894 123.6901 195.9454 210.9638 181.1691 225 258.6901 87.95459 94.57392 243.435 255.9638 78.69007 90
274.3987 215.5377 174.8056 270 279.4623 243.435 210.9638 207.3499 225 222.5105 230.1944 260.5377 298.4956 358.4518 40.23636 94.63546 110.3764 131.6335 133.2643 127.0565 127.1467 220.9144 212.0054 210.4655 222.6627 202.8905 183.8141 184.3987 139.2364 131.7295 187.125 218.2902 218.6598 266.6335 287.2815 331.3138 64.17901 84.80557 77.27564 74.24883 104.0362 153.435 139.7636 135 208.3008 219.5597 205.0169 169.3803 146.3099 171.0274 192.9946 104.0362 101.3099 45 85.6013 169.992 209.4759 226.9091 216.2538 129.8056 93.50353 225 199.9831 152.1027 108.435
232.7652 161.565 210.9638 270 310.6013 341.5651 161.565 228.0128 252.646 231.3402 246.3706 265.6013 278.9726 341.5651 81.8699 93.50353 91.84761 94.3987 91.39718 88.72697 92.12109 206.565 182.1211 194.9314 229.7636 219.8056 199.5367 176.1859 141.3402 122.4712 192.5288 212.7352 204.1455 231.9811 233.9396 216.1796 100.8403 57.90741 43.45184 48.36646 57.09476 78.69007 85.6013 98.1301 225 270 263.6598 318.0128 358.9191 27.07208 0 61.69925 59.03624 351.8699 67.61987 71.56505 225 204.7751 202.249 172.2348 125.1342 135 213.6901 180 146.3099
271.3972 78.69007 180 228.5763 219.5597 161.565 154.6538 266.9872 278.1301 270 275.1944 278.427 259.992 181.9749 116.1139 105.2551 109.44 106.3895 50.19443 59.03624 67.16634 56.30993 78.69007 236.3099 248.1986 243.435 206.565 165.4655 144.0903 138.3665 296.5651 327.9946 330.0184 335.2249 267.614 229.0142 214.1145 51.84277 37.23483 32.47119 55.20397 55.30485 36.57303 12.52881 343.7398 341.5651 0.9093804 323.4711 344.5779 40.6013 21.57131 18.43495 31.50427 36.8699 33.69007 47.8624 55.30485 225 215.5377 176.1859 154.9831 156.8014 239.0362 153.435 144.4623
255.5792 174.8056 135 183.0128 185.4403 181.3322 204.444 245.7722 231.8428 225 262.7468 267.7974 242.5256 183.0128 93.81407 86.34778 104.6209 167.4712 243.435 61.8584 62.59243 52.59464 95.19443 188.1301 266.4237 287.5924 0 108.435 145.4915 205.3462 290.7722 326.5346 331.9275 353.3675 19.98311 279.6375 263.991 146.6894 162.7585 37.40536 68.19859 67.10945 355.1009 0 338.8602 343.5231 12.0306 331.6992 135 108.435 82.87498 60.25512 81.25384 75.25644 354.8056 45 64.98311 0 333.4349 83.65981 135 225 243.435 135 171.8699
210.9638 195.5241 188.1301 315 355.9144 343.4429 333.4349 305.5377 237.0948 225 246.8014 236.3099 211.5043 242.354 55.30485 87.35745 105.1011 171.8699 243.435 41.18592 53.47115 48.17983 77.27564 164.7449 259.6952 254.9816 153.435 124.5625 139.3987 296.5651 303.5413 327.3391 261.8699 169.992 120.9638 284.6567 329.0363 117.8973 183.0941 196.049 122.3666 116.565 253.8108 296.5651 303.6901 325.3048 22.38013 357.7094 65.55605 87.1376 118.3008 129.2894 129.5597 129.2894 168.6901 142.125 82.40536 54.46232 161.565 108.435 90 225 206.565 96.34019 296.5651
243.435 225 233.1301 278.6157 326.8887 356.6335 306.8699 329.0363 354.8056 306.8699 258.6901 239.0362 225 225 182.1211 99.72758 99.92625 157.8336 229.3987 200.556 110.2249 81.46923 75.14139 101.3099 236.6336 198.435 176.3478 351.8699 5.599339 294.3045 266.3785 165.4655 166.7595 178.1524 221.1859 263.6598 135 86.2686 120.0686 185.0636 158.3177 153.9246 226.6366 235.008 208.7398 181.273 186.3402 197.354 86.98721 64.44003 83.29016 111.0375 102.9946 341.5651 342.3499 0.881404 41.09951 63.43495 129.2894 186.3402 90 120.9638 213.6901 116.565 198.435
304.5085 353.6598 330.2551 276.8428 303.2317 30.25644 311.8202 315 352.4506 12.875 345.9637 270 263.6598 198.435 188.1301 122.9052 97.92693 115.71 197.7004 191.3099 170.8376 152.6501 103.4957 107.4472 232.7652 265.6013 319.3987 327.6804 47.48955 237.5288 227.2906 177.6141 180 225 293.1986 302.692 353.6598 53.36589 55.66978 54.16235 92.72631 143.1301 253.8108 263.6598 225 139.2364 185.1944 214.8245 228.0128 57.26477 54.03948 41.18592 32.47119 317.8624 309.8978 354.6855 44.25594 65.07153 92.29061 225 198.435 104.0362 243.435 149.0362 180
246.8014 188.1301 276.3402 299.1975 323.2971 13.81503 347.9694 307.2782 329.9314 24.67686 25.49755 337.249 284.7436 0 353.6598 40.91438 46.02303 45 59.62087 161.565 193.6713 183.3665 120.0686 96.34019 284.0363 277.2532 265.8151 176.9872 150.124 206.565 254.9816 213.6901 280.4915 317.8624 310.1009 316.1017 83.65981 114.8293 97.69605 67.10945 54.78241 49.76364 212.0054 225 203.1986 115.56 163.8108 232.9435 235.008 198.435 69.77514 30.06858 17.10273 341.5651 288.9247 263.6598 94.3987 90.60309 84.47246 225 225 0 11.30993 90 251.565
207.4744 235.008 286.5044 284.9816 240.5241 214.6952 310.6013 275.8264 256.6075 98.97263 74.98164 77.47119 183.0128 216.4692 273.0128 15.64225 45 53.1301 51.70984 52.35238 78.69007 171.8699 135 63.43495 296.5651 230.0424 200.7722 172.5686 158.6294 276.3402 304.4608 0 303.6901 296.5651 297.1213 324.4623 96.78897 120.1243 139.6669 145.3048 95.19443 94.3987 130.2364 190.7843 200.2249 161.0033 183.3665 275.1944 225 177.2737 173.8534 218.6598 348.6901 347.1957 307.1467 131.9059 130.1207 126.4164 96.34019 45 225 225 149.0362 101.3099 303.6901
284.7436 293.1986 268.9191 239.7436 222.2737 250.2011 232.125 258.1785 240.9454 150.2551 149.7436 145.4915 150.6422 189.2933 213.2749 189.0903 141.789 128.991 87.51044 69.44395 41.82017 37.87498 80.53768 149.0362 150.9454 244.9831 255.2564 270 326.3099 295.8664 288.4349 129.2894 231.5819 233.7462 226.6366 185.1944 120.3027 89.27477 74.0546 119.7449 126.0274 86.98721 63.43495 90 195.2551 188.6156 247.9321 271.0051 117.8973 133.1524 220.4261 253.8866 231.7098 199.9831 186.7098 116.8781 108.435 125.5377 339.7751 31.6075 49.76364 278.1301 0 0 315
311.6335 255.9638 225 235.7131 250.0169 225 247.8336 268.8309 176.6335 129.2894 143.1301 66.80141 86.18593 128.2902 202.1664 192.9946 152.4748 164.5778 163.8108 95.44033 95.71059 113.9625 109.7989 153.435 311.6335 329.6764 350.2176 343.1786 321.4588 324.6888 145.3048 167.3807 204.5901 208.3008 202.2035 192.9946 159.0755 122.4712 99.86581 112.8337 153.435 151.6992 118.6105 96.84277 53.1301 300.9637 247.9321 226.302 157.9887 130.4261 253.6105 213.3106 180.7848 183.2892 178.6361 142.5238 -1 180 249.7751 102.5288 77.47119 322.125 348.6901 18.43495 243.435
2.29061 322.5946 315 304.8753 237.2648 201.2505 251.565 247.9321 146.7683 143.7462 299.7449 12.26477 26.56505 39.80557 64.98311 204.444 135 138.1798 178.5312 149.4703 136.9749 150.6422 147.0948 315 274.3987 280.4915 329.4208 346.7989 327.0948 42.27369 93.57633 126.0274 230.9061 231.8428 266.6335 293.4986 34.38034 76.42957 87.51044 92.29061 135 63.43495 82.56859 74.0546 53.1301 0 255.9638 219.5597 172.4053 215.5377 219.8056 159.6769 171.1932 185.9645 179.1449 165.0686 138.6914 161.565 200.7722 173.1572 135 278.1301 180 123.6901 168.6901
59.03624 306.0274 304.4608 338.8059 16.55707 318.3665 270 208.3008 155.8545 212.0054 259.5085 312.1376 2.602562 40.42608 37.87498 3.468229 9.162347 28.53999 53.88066 115.71 132.6141 135 296.5651 6.340192 252.8973 248.7027 253.3008 263.6598 201.0375 120.9638 93.01279 91.4688 227.8624 244.5367 269.029 276.8428 101.3099 104.0362 68.7495 64.74683 345.9637 358.6678 49.89909 56.30993 36.8699 18.43495 161.565 180 195.2551 219.2894 152.6501 127.4054 168.6901 206.565 168.6901 158.9625 135 96.34019 270 251.565 206.565 225 180 45 0
198.435 263.991 272.8156 287.2415 50.44033 350.5377 247.3801 191.3099 184.3987 219.8056 254.2488 267.2737 281.3099 75.57922 58.13402 51.34019 100.008 94.08562 84.47246 93.36646 120.9638 203.1986 276.8428 45 281.3099 259.5923 239.6764 202.751 176.8202 170.1342 117.1213 106.1134 214.6952 246.5014 235.8403 214.5923 150.7807 170.1342 260.5377 30.96376 3.012788 31.75948 79.15969 65.22486 74.74488 135 131.8202 161.565 191.9761 192.3808 169.992 122.9052 153.435 215.5377 153.435 135 149.0362 125.5377 239.0362 243.435 198.435 225 243.435 288.4349 315
300.9637 284.6209 261.8699 213.6901 166.3287 162.8973 184.8991 184.9697 225 295.56 296.5651 272.6026 303.6901 70.46335 103.4957 133.698 153.7999 163.5231 141.0725 111.3706 98.97263 225 257.2756 123.6901 198.435 246.0375 228.8141 188.9726 171.2538 185.0424 160.4077 137.1211 206.565 243.435 235.3048 221.4237 146.3099 249.444 292.5573 10.84031 64.85522 111.5713 123.6901 120.2564 120.9638 141.3402 135 140.7106 180 194.0362 209.7449 161.565 135 310.9144 2.726311 26.56505 30.96376 74.74488 251.565 258.6901 135 210.9638 234.4623 198.435 210.9638
293.9625 304.0459 168.6901 189.6888 194.7436 180 164.7449 236.3099 278.1301 297.4744 326.3099 324.8193 353.9276 65.9245 76.60751 64.74683 55.00798 45 0 24.82935 47.663 35.53768 271.7357 63.43495 71.56505 261.2538 194.5345 177.7094 164.3578 176.4965 185.4403 196.3895 270 265.6013 270 293.9625 10.61966 322.4314 269.1449 153.435 101.9761 81.15819 69.62357 80.53768 94.76364 100.3048 75.96375 0 22.38013 33.69007 243.435 180 300.2564 321.0724 15.9454 51.34019 68.19859 68.96249 326.3099 305.5377 45 90 225 173.6598 209.0546
271.0809 251.565 120.4655 209.0546 278.6157 329.6209 352.2348 345.4655 311.0995 285.6422 285.2551 300.1735 96.009 121.4641 121.7595 23.74949 33.50344 24.71744 344.9315 54.21103 78.69007 63.43495 265.9144 156.8014 140.7106 210.2564 159.444 170.8376 168.6901 240.9454 310.2364 327.3391 342.9795 336.3179 322.4314 312.9546 14.03624 312.1376 300.6186 66.80141 91.04163 72.89727 49.08562 36.11934 43.21009 25.20112 349.992 5.599339 42.70939 63.43495 307.875 350.5377 291.8014 294.3045 41.18592 61.31385 76.42957 135 270 285.2551 351.8699 25.34618 5.194429 18.43495 315
225 191.3099 152.8189 250.2011 267.614 271.9749 285.2551 239.0362 242.6501 257.7352 246.8014 198.435 141.1702 137.1747 191.853 202.9638 122.6609 104.5345 145.7843 131.1215 124.6952 99.46232 257.0054 161.565 143.7462 180 159.7751 298.6105 354.5597 346.4296 284.4208 278.1301 289.6538 306.3843 321.1155 78.69007 163.0725 246.8014 257.7352 101.3099 105.2551 156.8014 30.96376 54.46232 72.40758 63.43495 283.3925 81.02737 90 97.43141 248.9625 270 246.0375 218.1572 168.3407 128.6598 101.3099 161.565 171.8699 234.4623 -1 116.565 135 321.7098 317.6425
276.8428 338.9625 18.43495 236.3099 217.304 203.1986 185.6307 187.6507 218.5169 244.5731 242.1027 146.0035 136.5074 139.2054 183.0941 206.0535 168.4248 163.951 153.7999 125.5377 135 168.6901 175.6013 154.6538 180 116.565 326.3099 295.2011 346.4296 31.32869 307.4054 251.565 249.6236 230.5275 195.4612 154.0256 157.8336 209.2488 212.5741 158.5523 117.1497 233.5308 306.8699 35.53768 55.30485 82.69424 182.8624 167.3474 135 113.7495 225 212.0054 189.7824 195.6422 181.9749 166.2637 135 33.69007 18.43495 294.444 198.435 152.1027 188.1301 270 283.7816
322.5946 351.3268 7.125016 22.52057 341.5651 228.8141 198.435 259.5085 251.565 222.6627 212.692 137.6026 110.9426 120.9638 157.6199 206.9958 174.0355 168.3106 164.2488 118.7398 114.444 168.6901 135 113.1986 261.8699 315 311.8202 281.5922 294.7751 32.66091 5.389312 349.2869 308.6598 135 180 181.7357 151.2602 201.8014 234.7276 162.4076 118.6105 243.9246 244.8552 116.565 41.72951 55.7843 67.47943 151.6992 152.1027 110.556 225 218.6598 225 318.3665 352.4054 37.40536 251.565 135 225 261.8699 104.0362 108.435 180 282.0948 290.4002
335.556 322.8533 350.8376 29.18081 16.29405 358.8309 346.6075 318.7314 8.615648 168.6901 211.5514 170.3625 101.6894 85.91438 106.9275 188.1301 171.8699 185.7106 180 122.9052 127.875 225 45 33.69007 315 330.5241 315 287.9044 299.3578 343.8108 358.0251 10.95406 340.71 42.7974 70.20113 164.7449 155.2249 271.6366 289.6538 100.4915 93.81407 235.7843 203.8753 185.7106 197.7839 93.69138 76.75948 79.69515 125.5377 120.9638 116.565 286.3895 318.0941 330.2551 15.75117 70.9744 161.565 171.8699 204.444 231.3402 45 53.1301 341.5651 278.7074 276.3402
198.435 252.646 273.8141 22.01128 16.23235 22.10945 0 299.5388 12.42594 27.58203 351.8699 7.431408 81.46923 75.69972 38.41806 20.77225 32.00538 -1 164.7449 135 135 198.435 180 161.565 273.0128 276.3402 272.4896 274.2679 287.354 296.5651 312.5104 62.10273 122.4712 119.7449 92.38594 121.5043 209.0546 268.9949 295.0169 9.090277 31.93068 54.46232 167.7352 190.7131 219.4278 145.3048 105.5725 87.51044 52.12502 59.03624 26.56505 290.7722 285.1011 275.3893 107.8189 100.751 116.565 278.1301 318.3665 341.5651 15.25512 36.8699 329.0363 252.8476 220.9144
201.0375 226.6366 243.8247 263.6598 26.56505 56.59217 14.03624 292.2856 338.6294 14.74356 355.2364 10.68491 26.09542 21.59531 7.815293 9.196656 18.06047 25.01689 42.51045 81.8699 153.435 180 270 288.4349 248.9625 243.435 239.9314 241.8214 217.6942 218.2902 197.7447 143.7462 165.4655 185.7928 139.1849 121.4296 270 287.9279 304.0459 320.1944 70.34618 84.93639 108.435 177.2737 207.7585 167.1957 119.7449 55.30485 34.69515 351.2538 3.366461 309.2894 239.3814 195.2551 145.2222 125.5377 24.44395 322.125 278.1301 0 90 90 198.435 241.5044 243.435
280.6197 287.7839 292.9321 248.4986 187.5947 5.906141 0.7252243 343.8866 285.9454 304.1145 333.4349 27.1213 34.38034 41.7603 47.2026 62.10273 62.10273 64.35899 65.13631 63.43495 33.69007 320.1944 356.9872 21.80141 306.8699 315 348.6901 252.7585 244.6538 222.7094 164.3578 135 158.6294 199.179 162.5528 126.0274 274.2679 284.2159 284.7436 192.9946 122.1957 94.3987 77.00539 119.0546 188.7462 184.7636 -1 85.6013 11.30993 308.991 53.1301 110.2249 225 203.1986 87.70939 9.462322 9.462322 354.8056 275.7106 156.8014 125.5377 135 -1 259.992 273.2705
329.3814 304.3803 299.3578 135 247.751 293.8753 39.55967 106.5571 225 268.0909 180 141.9811 158.8753 147.0426 152.6501 168.2066 169.2157 150.3763 112.1663 64.44003 34.69515 295.0169 0 65.55605 279.4623 267.7094 78.69007 296.5651 298.8557 338.7495 48.57634 69.56717 71.56505 280.008 18.43495 77.00539 262.3493 243.0835 192.9946 173.6598 112.8905 112.249 107.5924 102.0948 281.3099 270 200.556 -1 241.6992 242.1027 125.5377 123.6901 282.2648 295.0169 96.34019 304.6952 7.431408 29.74488 306.0274 16.92751 63.43495 225 315 344.6237 319.316
331.1134 324.9262 111.8014 135 244.0577 216.8699 157.5573 155.6744 208.3008 229.9271 167.8285 124.3803 143.0047 150.1729 147.0948 150.4222 169.2869 181.8476 169.992 111.0375 78.69007 261.8699 180 71.56505 233.1301 222.2737 255.2564 285.2551 246.8014 220.2364 108.435 95.90614 96.84277 270 135 90 267.3974 235.3048 212.9052 169.2869 137.0454 151.3139 137.3859 100.008 -1 -1 -1 -1 234.4623 198.435 118.6105 324.4623 316.5074 15.9454 77.00539 267.7094 135 122.9052 242.6501 161.565 92.48956 315 282.8937 315 353.6598
283.2986 4.398705 108.435 144.211 219.8978 180.5563 168.6901 182.4195 231.789 250.4077 183.8141 90 84.36932 95.71059 122.4712 123.6901 81.8699 191.3099 198.435 150.9454 90 336.8014 30.96376 308.6598 10.00798 324.4623 247.249 199.7989 190.8403 193.3245 167.8557 141.6325 149.0362 225 155.556 225 250.3462 225 199.29 157.8905 139.4846 177.7094 144.4623 -1 -1 -1 -1 -1 255.9638 225 350.5377 315 325.1247 86.82017 98.74616 209.7449 161.565 156.8014 233.1301 185.1944 153.435 315 275.856 241.8584 173.2902
