Datasets/ASCII/population.asc
ncols         220
nrows         174
xllcorner     -88.683333333822
yllcorner     37.641666667611
cellsize      0.008333333333
NODATA_value  -9999
[rows 84 to 111 of 174, columns 128 to 191 of 220]
1.840665 1.059184 1.754455 12.22242 9.079144 12.58504 42.23833 59.29852 11.96943 11.85245 10.74721 4.212014 4.215871 4.654787 7.362554 7.291401 6.470173 6.132635 2.877403 1.470303 0.9167699 0 0 0 0 0 0 0 0 0.7546598 1.667261 1.223092 1.741369 2.792651 5.853109 4.56427 7.145175 4.072854 4.076583 4.072854 2.289775 0.0173953 0.01317839 0.008746395 0.5098587 1.200183 1.160223 191.3953 267.2811 101.6821 4.223281 3.458575 1.412845 1.548085 1.5396 9.275224 10.91314 10.3772 9.703492 10.20456 8.477161 3.477722 3.534396 11.24523
1.874137 1.271587 2.161431 16.67166 11.84665 12.84502 35.65623 29.09275 26.01628 15.43238 5.132721 4.214428 6.599595 8.17789 6.670652 6.654181 3.985272 4.055737 2.333019 1.532412 0.8971262 0 0 0 0 0 0 0 0 0.4584155 0.526173 0.0427174 0.4995951 21.18343 0.4546531 0.5099621 1.124388 0.9586573 0.7957673 0.6338891 0.8176735 1.316878 1.316762 7.152003 34.10349 16.55246 12.48961 54.88882 297.5274 43.4399 2.282845 1.944429 0.3941528 0.6632138 0.887426 2.928748 4.522913 4.525052 10.72657 10.9386 7.607759 2.048429 2.094186 5.618395
13.49015 5.259273 1.763141 34.11177 14.90467 32.86414 205.1594 28.40224 49.04359 40.01398 14.6557 9.736764 19.11125 32.72454 10.54623 10.44409 6.630555 6.207796 3.109452 1.808521 1.058677 0 0 0 0 0 0 0 0 0 1.017311 1.946287 2.95324 20.96683 0.1543538 0.2434848 0.384553 0.3927888 0.3931485 0.3927888 0.8707051 1.77714 5.864844 11.48377 30.6237 38.28045 50.59 23.15411 5.062646 0 0.0290207 1.588795 0.2325415 0.04544442 0.03075652 1.352857 4.1607 4.530562 4.536826 4.562723 6.057782 11.0112 9.943412 7.260744
17.9733 6.181115 78.64355 126.1862 250.5287 653.0536 491.8941 44.36913 64.10396 41.62398 41.5286 31.36032 37.49852 50.34512 12.76745 12.78634 6.313838 5.713065 3.800648 2.981791 2.405056 1.587335 0.5027676 0 0 4.572267 1.810371 7.486979 13.59465 13.26044 14.78152 12.24559 8.981949 6.717372 6.647708 0.2786093 0.3875996 0.3926542 0.3930138 0.3926542 7.734135 24.72476 12.93993 12.28301 23.67657 37.89293 62.45153 39.99372 26.72257 5.067388 2.427491 7.459538 2.304372 0.4251055 0.4247166 0.33849 0.9850152 2.222034 3.009932 4.191227 5.820641 11.29188 11.29188 5.876683
173.7568 16.81697 79.92371 508.7937 739.7095 721.4883 1092.073 424.4735 213.1435 127.1676 45.89713 40.18606 40.13369 34.16537 8.091656 8.099065 4.814466 4.582691 3.955967 3.706683 3.262207 2.427442 0.2769894 0 0 5.413561 4.795839 16.107 21.04054 17.1565 19.32868 19.08357 13.15496 22.42482 10.67785 1.498589 1.322013 2.022347 3.883944 2.12298 18.18251 28.7667 15.30169 20.43765 33.46441 33.83506 39.82845 29.07637 16.55611 10.38557 9.846472 8.780866 8.813766 2.406095 1.863547 0.2946702 0.2917285 0.2919956 0.2917285 0.2917285 4.9752 86.36059 8.172677 3.236614
61.17784 99.88808 48.39568 38.53442 100.6181 668.546 1027.871 108.4684 0.9954752 16.00019 38.61424 42.72192 54.23221 49.89892 11.76766 11.74827 6.474785 5.86885 4.563135 4.051322 4.810724 1.172112 0 0 0 0.6935616 4.653756 9.703252 10.08894 12.87754 15.11134 49.28416 406.9609 69.4742 12.4236 10.22494 8.332473 18.90966 9.408361 3.408608 17.41786 29.18512 21.93441 41.23271 43.28387 22.71292 18.69489 10.34666 3.229292 7.704009 11.40243 9.892808 4.108352 3.21529 2.296705 0.292533 0.2916285 0.2918956 0.2916285 0.2916285 2.097144 12.49326 12.49326 3.615837
26.74312 55.37814 48.2391 53.03109 42.16427 328.1035 107.925 7.684099 13.92273 7.023312 19.7052 42.59483 49.30973 41.47213 13.16837 13.18043 12.49677 11.17787 14.71816 32.92229 128.0221 24.91908 3.947204 3.151193 2.077856 2.34543 9.02392 15.19937 13.74776 33.71886 117.4494 752.0302 836.6325 237.7811 32.86381 7.330813 0.9436854 5.541631 6.432653 5.852083 10.12639 15.08506 20.81239 52.78162 42.79273 12.16796 12.22216 8.226835 3.209001 5.480863 19.79272 12.95552 4.314487 3.392169 0.5480498 0.257327 0.2534875 0.2495457 0.2454036 0.2470058 1.485163 10.46857 11.07774 8.732847
3.38618 5.102179 1.917371 10.25065 7.349976 4.181851 93.15253 16.40151 8.976984 7.757893 2.089711 2.377582 14.09949 17.81631 8.353221 2.396132 5.733757 4.318412 34.19327 77.9595 288.3014 65.20182 39.57992 36.15887 11.3507 7.278892 8.058533 19.90826 24.08262 18.94593 113.4194 110.7629 229.474 68.87842 7.621031 4.429351 0.8640391 1.029557 3.224467 4.345904 2.762305 1.959402 2.956589 4.155841 4.432945 8.359865 23.9843 13.08865 6.052473 8.120538 33.83794 40.5719 12.86767 3.999233 0 0 0 0 0 3.21812 2.109379 5.318093 3.680674 2.834283
4.146685 3.582959 0.7895687 0.7003253 2.023961 8.200376 22.46872 8.095545 7.521986 7.563048 7.727053 6.763498 2.115264 2.037421 3.944984 4.5608 2.382188 4.26136 14.52596 16.02986 20.20532 16.7716 10.83793 13.60841 10.38464 4.761552 11.08583 10.29754 18.09881 22.1974 24.8927 25.79693 27.02499 25.11358 12.57533 6.111925 0.02615204 0.2442034 1.00471 3.041764 3.912252 2.779108 5.191346 16.73389 5.362246 5.367157 5.362246 5.11646 4.74636 4.198224 0.1533016 0.1533016 2.326227 0.9822896 0 0 0 0.01178125 0.2896515 5.821465 9.090121 5.751245 5.97441 2.620947
1.597397 0.9101578 0.9245834 1.402773 3.796079 10.15957 15.13602 3.768011 5.462186 8.265215 7.319764 7.319764 4.047295 3.623631 2.87471 6.366024 4.887519 4.887519 10.3372 8.563036 17.28303 22.87037 4.979631 13.85302 15.2639 7.693517 8.45494 6.943527 29.5487 36.62384 27.61787 10.00766 5.756625 4.302299 1.869401 1.692896 0.008363554 0.05050862 0.3750073 1.000261 2.112901 3.024641 10.74939 8.452322 5.360408 5.365317 5.360408 5.838842 3.489796 2.506129 0.7207688 0.8526047 0.2399282 3.63942 3.246021 2.40102 3.255032 8.680457 6.070557 11.27391 23.80351 3.33392 3.391385 1.020736
4.020999 1.114391 3.834418 9.909642 6.590285 15.00939 6.891278 8.553727 9.323682 8.615453 7.44115 7.50376 6.055365 5.524255 3.505078 5.881563 2.599683 4.835093 9.542513 5.087841 5.049049 3.742144 3.716352 7.331027 7.027393 13.67759 7.85322 14.43639 25.52769 24.42834 11.02286 6.548748 4.439459 1.356007 0.24476 1.292321 0.1035031 0.111465 0.1115671 0.3243201 2.187556 4.238025 7.693258 3.743078 7.245891 9.257318 9.025858 9.468365 2.151577 1.881655 1.306667 1.289198 0.6538818 1.000191 4.180969 4.517395 4.380528 4.507578 4.982282 5.756587 12.13645 3.551464 3.250271 1.30981
2.269721 9.413647 4.078416 7.288058 4.075659 5.728962 1.84165 2.67461 2.673157 2.595629 2.295456 2.756089 6.326832 7.321739 4.670753 5.7565 3.057579 5.849633 7.774966 8.195275 11.07294 4.54625 4.54625 5.009047 8.398724 29.03295 9.689803 24.22875 25.95767 11.67241 2.025855 4.432537 6.089478 2.687093 0.8083058 0.9394172 0.0727528 0.1114268 0.1115289 3.578945 2.604216 1.618537 5.42902 1.910142 3.344436 2.71884 2.617774 9.464621 7.614955 3.606308 1.306219 1.306219 1.036474 1.00851 1.241861 4.065615 4.163723 4.090701 3.244353 3.17445 3.204115 3.201184 2.776135 1.465248
0.7158695 1.645573 1.627647 3.825826 3.875972 2.744584 0.5079824 0.7390416 1.914266 2.473242 4.287502 3.286016 2.263963 3.540013 8.48238 8.528617 4.655553 4.657232 10.25072 17.32398 14.96188 8.448345 8.468125 8.415027 8.945318 15.08351 11.45368 16.12904 76.38618 22.54098 9.331865 4.993731 4.776076 1.968307 0.3037969 0.2913885 0.0115922 0.1501261 0.130011 4.052824 4.900292 6.308206 14.99799 4.599328 5.173522 2.434174 4.294446 6.283494 5.668425 5.942527 9.421508 8.294453 0.8865391 1.112024 1.755666 2.521552 4.166107 5.263056 5.059126 0.6854603 2.182505 2.342951 3.079964 1.772018
1.332161 0.7635525 0.7680438 2.53422 1.36933 1.222175 0 0 9.232796 9.283682 7.218791 6.461374 2.931553 11.12244 7.856098 7.512822 4.088474 4.088475 15.47629 6.159949 5.836199 9.53338 9.533063 9.299687 8.597931 10.57509 12.18138 12.40647 226.8854 47.77098 8.266403 3.235905 2.2471 0.08285307 0.09116571 0.1751498 0.01057914 0.005522339 0.08397896 0.5094274 0.8175089 1.802318 4.039087 6.174731 5.494208 0.6792363 1.118229 2.096715 4.192749 2.583837 0.2879928 0.2955409 0.3159042 2.224478 23.81756 1.757267 4.754032 8.365279 7.002428 0.6134633 1.595763 1.853505 3.47566 2.83095
1.743662 0 0.8590055 7.613407 4.169979 1.27874 4.641741 4.542948 12.09568 12.13987 10.2002 10.1622 3.340315 8.200973 14.61506 3.525733 3.224928 8.778526 3.80076 2.905838 4.539388 6.027524 5.88262 9.010425 11.25184 15.72856 18.19354 20.95269 60.7492 14.19631 2.287045 0.6010297 0.7165729 0.1753943 0.1755549 0.1753943 0.9984574 0.1228472 0.9931958 1.154233 1.071081 0.8720788 2.378297 6.178267 4.658032 0.5581702 0.5576595 0.567156 1.420203 1.553625 0.3972326 0.6405418 0.6405418 5.935273 7.597648 7.597648 56.46656 8.238808 5.885906 2.704855 6.639425 9.315418 5.374074 7.49907
3.396135 2.807258 3.460443 26.95194 25.61138 14.26567 8.499342 8.518995 8.584928 10.95105 17.83223 17.72659 10.52827 5.622348 4.677112 3.093433 3.07186 13.82824 4.971757 5.768192 9.30663 10.67772 5.456828 5.018149 3.950501 6.959616 12.25881 9.324377 10.16144 6.036392 1.787739 0.1753342 0.1753342 0.1753342 0.1754947 0.1753143 1.126402 0.7849681 1.154894 1.153838 1.153838 1.129022 26.90912 27.59605 1.508259 0.3203366 0.5016591 0.5396139 0.802963 1.586632 0.2237908 0.469357 0.4633184 0.9941566 5.539349 6.572381 14.28762 8.310613 7.198681 3.065764 1.06006 6.552756 5.589227 5.292591
4.595344 1.181551 1.017536 49.86455 395.1331 338.1289 9.24485 9.237682 9.193106 11.43805 16.85014 14.77691 6.845857 6.960754 6.363199 4.396969 2.348933 11.85427 9.942384 6.85699 8.719915 8.280226 4.885842 4.225741 5.196104 7.24883 48.0022 62.92882 11.55423 8.411915 3.616321 1.716427 1.246446 0.1022577 0.1022725 0.1105734 1.146544 1.154498 1.155556 1.154498 1.154498 1.077787 92.67673 94.7391 0.3753126 0 0.01336942 0.007312901 0.4261368 0.5447091 0 0 0.4154798 3.846556 5.75182 0.3685537 0.256789 0.2570242 0.4228193 0.256789 1.037963 2.870252 2.870252 2.870252
4.734091 0 0 2.373182 821.7662 638.7925 29.1355 29.13504 29.10938 28.81342 14.51278 7.553125 4.894576 7.961364 8.340937 8.410202 2.683691 6.765176 15.43901 10.89252 7.153024 4.356987 3.938618 4.148741 6.966314 11.33415 8.510514 64.54991 12.4729 9.616222 6.208397 4.176722 2.729588 0 0 0.08641659 3.198024 4.376717 1.813218 1.154631 1.154631 1.154631 5.422161 7.202131 0 0 0 0 0.03505995 0.2822137 0 0.2866074 0.2127752 0.4884402 0.370637 0.2568185 0.2542746 0.2570536 0.2568185 0.2568185 0.345638 1.849315 2.103216 2.104523
4.921143 2.960205 9.816891 40.11076 170.324 53.12584 178.5482 23.17917 21.90422 22.27354 10.07798 2.825652 0.5025479 0.9098636 2.565966 8.044511 6.373358 6.371122 3.902899 1.856527 2.53822 2.479769 2.489153 6.540295 12.14689 9.060249 3.624715 8.476612 8.016093 3.832436 3.996175 3.757829 2.702579 1.888947 5.757316 0.6385996 5.775403 7.191068 2.385893 1.154235 1.154235 1.154235 5.470433 1.647215 0 0 0 0 0 0 1.238727 3.409076 1.980113 0.2569655 0.2567303 0.2567303 0.157755 0.08210197 0.2301038 0.2567303 0.2606292 1.578445 1.722831 0.7202935
10.39408 20.66092 8.311547 6.600869 5.439757 12.15568 3.194524 2.944105 2.594403 3.898077 3.388245 1.474365 2.014053 1.859476 0.3414168 1.241866 6.207015 8.269474 1.228279 1.10378 2.483073 3.361766 4.588879 13.94292 53.18993 17.90639 8.308163 14.71209 6.682836 2.660665 1.852726 3.133149 4.135952 5.149677 8.42602 6.72253 7.173063 5.684348 13.9018 7.7372 13.83356 15.50405 11.75536 10.30626 8.756389 0.09183433 0.09154692 0.09205098 0.07549002 0.08815745 0.7933908 1.57487 3.366181 2.890892 2.966133 3.109952 2.562038 0.9905511 1.293279 8.21743 6.592953 0.4328235 0.3901318 0.4807186
12.75554 15.0582 6.548108 4.821796 3.870305 6.129688 6.646353 5.686719 7.775847 7.752816 7.257822 2.336053 2.338193 4.560323 7.468241 6.176122 0.008734124 0.6107813 2.979375 2.731913 2.380477 0.7357658 16.53514 12.99099 11.25624 12.37251 3.394455 7.949273 5.321299 4.448525 3.892301 4.218033 4.448877 5.10401 5.222123 4.964145 9.419905 15.15204 12.54513 12.0517 21.20422 20.71146 13.88891 13.43501 10.48807 0.126462 0.1263463 0.1263463 0.1263463 0.126462 0.1263463 0.1263463 2.892269 3.647558 3.644221 3.644221 2.909021 1.114982 1.782253 9.287076 5.795998 2.834364 3.729611 1.99236
11.49282 11.69388 9.812299 8.586073 38.9756 62.0255 42.36884 9.975256 4.297123 4.867971 4.843952 9.145515 11.44406 11.52184 11.67421 10.05956 3.515737 3.49629 3.588557 4.232036 3.345128 0.1834526 11.37666 8.318965 7.54832 1.749425 1.198581 1.668989 8.224177 6.322553 5.66752 8.507134 10.57226 6.402693 5.272747 5.123498 7.272152 12.98219 19.59762 12.03783 18.63454 22.2504 17.8616 9.770368 8.418656 0.1265086 0.1257489 0.1263268 0.1264186 0.1265344 0.1264186 0.1264186 2.873413 3.649646 3.646307 3.646307 2.90768 1.302577 2.507452 7.954012 9.962213 11.59422 6.554818 5.790542
4.228676 4.544416 17.30327 246.9412 783.7436 353.2809 37.11674 19.49714 16.57402 9.175047 2.539026 7.267469 8.988237 11.38067 11.9036 11.99944 7.672261 4.836966 4.483639 11.35123 32.73444 6.100341 11.50579 7.053013 10.34062 7.279486 2.495318 1.074502 15.14806 6.721598 6.727987 7.550404 11.45082 5.748828 6.342103 18.74547 3.159257 56.12246 231.4164 17.80098 18.75705 10.25565 10.13625 10.29232 8.163402 0.1126955 0.005135265 2.360442 1.602201 2.181231 4.004777 9.431641 9.697712 8.286532 8.911927 9.565614 9.338012 6.675069 6.74667 1.971801 24.4166 24.82805 9.331022 7.924037
7.853937 12.72811 12.91309 14.50454 105.1654 23.54825 23.97003 7.785357 23.99541 11.82963 7.356847 5.472905 5.316827 7.261986 9.823542 9.835718 9.520449 10.66924 13.80592 35.81966 30.41611 24.51639 24.35378 9.789017 12.01423 27.21185 9.971917 9.553946 6.311924 4.830876 8.43826 11.86484 17.56994 75.60806 35.45299 28.25237 22.35983 104.6574 234.4283 16.38004 6.761289 4.171196 3.537958 0.614398 0.02512626 0.1486067 0.1484707 0.2695327 0.368369 0.3687063 0.368369 0.6402104 2.060641 11.11586 17.01992 12.49877 12.81145 4.834538 2.618992 0.5289202 3.605218 11.2701 11.45452 15.10937
9.894822 10.98803 12.96534 14.49956 16.85003 29.72953 31.15071 9.460035 17.12842 15.00623 13.16819 5.968238 1.834913 4.71885 6.968101 6.162939 7.97733 14.31662 36.99789 37.25749 20.33827 10.6119 6.886725 3.507814 4.584524 12.90682 19.89719 20.03964 16.154 15.05894 6.623684 3.499721 2.865173 0.5736056 0.8192818 0.8784172 0.8784172 0.8784172 0.9026471 1.910884 2.319143 2.319143 1.485164 0 0.02474856 0.1462784 0.1484197 0.1065613 0.3682425 0.3685798 0.3682425 0.3682425 2.836652 3.225462 7.893724 8.155668 6.144639 0.5124324 0.5223897 0.6212947 0.2465042 2.404848 11.01424 8.596992
23.34953 23.15716 23.43682 23.74156 38.28797 48.73828 14.41124 10.73779 25.01305 25.46313 24.88183 25.5267 18.10587 11.58232 4.495307 4.538529 14.32279 20.06929 14.54722 12.27698 8.949498 7.64846 2.475257 2.519034 3.821819 2.705276 1.503327 0.7408409 0.6680231 1.651717 6.576624 2.987503 1.252294 0.1168373 0.01377682 0.2205509 0.4814039 0.741795 0.8796527 2.159646 4.392519 4.341027 2.76339 0 0.01454633 0.0866824 0.08878125 0.04647478 0.204864 0.2772977 0.3161156 0.3227075 2.348749 4.21012 7.372452 7.672342 3.307986 0.4720196 1.306494 6.032308 6.532533 8.326408 6.872678 4.179281
22.96458 22.52702 15.03724 9.838126 12.16554 38.3441 3.805126 4.01932 23.91588 25.88527 33.71172 41.83125 31.58248 21.19212 9.990411 12.19624 9.794867 11.59656 31.44805 46.37785 66.39188 7.065396 5.448068 7.658736 2.412587 1.625563 0.6590337 0 0.5070249 0.463937 0.005134735 0.1326815 0.093276 0 0 0 0 0 0.1244556 2.428222 4.480396 4.705778 3.17784 0 0 0 0 0 0.06177569 0.1443566 0.150991 0.150991 0.01265553 11.28944 6.528181 2.640712 1.790498 1.667213 3.087628 7.657358 7.052478 11.15652 10.99861 9.247399
9.178506 9.227293 6.71288 5.025054 5.084189 7.276835 6.118323 6.051456 8.134012 7.158483 10.42343 13.83894 13.53203 13.66835 12.77464 12.09822 9.829675 7.415622 5.324975 140.8304 355.4131 18.93446 10.11164 6.7287 1.87283 0.2909276 0 0 0.8645353 0.8909078 0.7945207 0.3017599 0.1042704 0.8025385 0.5265154 0 0 0 0.007362945 1.303614 1.363056 1.173536 0.6475085 0 0 0 0 0 0.04412249 0.9892324 4.402443 4.317615 4.226076 9.933809 6.567589 4.249327 2.507401 1.974756 6.108196 6.884949 7.314302 19.36222 19.36222 10.79243
