Datasets/ASCII/population.asc
ncols         220
nrows         174
xllcorner     -88.683333333822
yllcorner     37.641666667611
cellsize      0.008333333333
NODATA_value  -9999
[rows 0 to 27 of 174, columns 64 to 127 of 220]
-9999 -9999 -9999 -9999 -9999 -9999 -9999 -9999 -9999 -9999 -9999 -9999 -9999 -9999 -9999 -9999 -9999 -9999 -9999 -9999 -9999 -9999 -9999 -9999 -9999 -9999 -9999 -9999 -9999 -9999 -9999 -9999 -9999 -9999 -9999 -9999 -9999 1.671356 4.559944 5.231815 14.37426 32.751 23.45637 5.796124 5.746625 3.850012 3.352682 3.374446 3.762405 2.847831 2.484362 2.380746 2.382017 2.385466 1.07965 -9999 -9999 -9999 -9999 -9999 -9999 -9999 -9999 -9999
-9999 -9999 -9999 -9999 -9999 -9999 -9999 -9999 -9999 -9999 -9999 -9999 -9999 -9999 -9999 -9999 -9999 -9999 -9999 -9999 -9999 -9999 -9999 -9999 -9999 -9999 -9999 2.241451 1.537153 7.289229 1.635664 1.673502 1.321542 0 0.486663 0.9966995 1.461784 3.106027 3.463737 3.491316 6.558081 14.76365 9.001166 3.650902 2.716784 2.175945 2.137452 2.135496 3.732808 7.647686 10.29942 8.477307 6.698133 6.061563 2.87601 2.712998 4.827632 3.479896 1.468341 5.111378 5.371745 3.8623 1.819358 1.465403
-9999 -9999 -9999 -9999 -9999 -9999 -9999 -9999 -9999 -9999 -9999 -9999 -9999 -9999 -9999 -9999 -9999 -9999 -9999 -9999 -9999 0.2337785 0.2873106 0.6843734 1.017505 0.7042926 1.44847 2.397582 3.55905 3.541341 3.275574 3.04596 2.261603 1.873661 1.736394 1.184443 0.6243815 1.319671 1.093561 2.073133 4.553527 7.20049 6.650669 6.019966 6.118192 8.181074 6.024585 3.110963 1.339869 4.94208 3.837475 2.835575 3.096377 4.489178 8.101022 12.2559 14.75712 1.985986 3.399821 5.066227 5.143026 3.32125 1.821138 0.4085841
-9999 -9999 -9999 -9999 -9999 -9999 -9999 -9999 -9999 -9999 -9999 -9999 -9999 -9999 -9999 -9999 0.7915958 0.5970318 0.3591871 1.115198 1.656106 1.869198 0.1850392 1.796621 4.075576 4.485022 1.305256 4.721409 4.829639 1.860838 3.461274 3.314181 3.087052 3.272587 2.680454 1.340106 0 0 0.1561612 7.635783 4.285386 5.695457 5.827128 5.241969 5.235026 4.846508 3.402862 3.288045 7.443343 4.86484 2.305173 3.241539 5.161714 4.146027 13.5939 38.03537 3.854655 2.514408 2.962241 4.377629 4.449148 2.957793 2.961131 0.002750467
-9999 -9999 -9999 -9999 -9999 -9999 -9999 -9999 -9999 -9999 -9999 -9999 3.929349 5.581207 6.195066 15.24699 0.7920517 0.6118862 0.359394 0.394908 0.6229016 2.440742 1.985763 1.742628 4.074785 6.461445 2.730939 5.070413 1.637345 0.1984127 10.42035 5.319026 4.728896 4.726862 6.258076 8.537848 9.424065 5.998757 9.068952 9.603698 5.319185 4.584805 4.56188 4.551651 3.169579 3.820917 3.292952 3.289939 10.60597 4.923282 2.433589 1.927933 1.845446 2.36225 2.993476 3.258849 2.68767 3.408237 1.982645 2.811702 2.821727 4.006423 4.53593 4.355725
-9999 -9999 -9999 -9999 -9999 -9999 -9999 -9999 1.854495 1.809479 2.533604 2.570981 6.159358 7.556281 7.556281 2.20497 0.7931748 0.8616632 0.9895377 1.424571 3.906638 3.736098 3.171285 0.7808433 0.7881317 0.7265606 2.660276 4.112751 4.542497 2.653783 2.84491 1.631128 1.582515 2.513416 3.35185 2.293223 4.527222 1.36392 1.869625 4.755658 8.114895 8.363083 4.168906 2.216391 3.354837 6.827141 5.126482 7.031723 6.39698 9.055924 4.33674 1.925647 2.750119 3.76267 2.614242 2.390439 2.461238 3.528588 2.55658 2.938817 2.982964 2.488632 3.064483 3.663715
-9999 -9999 -9999 -9999 -9999 6.230502 4.875288 1.681094 1.771981 0.8314562 2.43353 2.567552 3.586751 3.603441 3.202048 1.335319 0.7945402 0.8116766 1.332445 1.772664 3.714084 2.889257 2.401714 0.7847025 0.7884942 0.4212024 2.674194 4.225241 7.153238 2.835422 2.082795 1.865762 1.327431 2.939824 1.383036 5.462003 8.112876 0.5710005 2.527775 14.62838 9.947316 6.928833 4.173473 3.871745 11.75578 8.950863 8.160977 8.15351 5.085037 20.60258 8.491189 5.327302 7.717837 6.135925 7.813924 8.285548 5.678711 3.346382 3.515751 0.8888986 1.527661 2.068267 1.372768 0.8763254
-9999 -9999 2.450098 2.359885 4.009473 6.177193 4.76052 1.602504 1.782313 0.5336741 2.345743 2.564717 2.567066 2.05073 1.597755 1.00111 0.7942702 1.342121 2.535625 1.320354 2.844839 0.8528635 3.702299 1.695401 2.028289 2.432791 2.643055 3.564568 5.90265 5.576623 11.01042 4.392782 7.885113 1.327441 3.042104 1.348456 4.974734 2.124116 8.04966 14.59764 11.76771 9.07355 10.2881 12.84102 29.60017 8.10889 8.158204 8.15074 9.622119 58.96276 27.68534 13.34992 4.510957 6.772387 12.58147 10.97625 1.831523 1.8332 1.831523 0.1660957 1.671399 2.311449 1.354367 0.8760277
9.128588 8.691488 4.513787 2.361244 2.656431 4.563152 5.46959 2.490313 1.560997 6.785765 3.120789 3.488415 3.809495 4.409998 5.053014 5.923064 5.539103 0.8847584 1.543182 2.429394 0.5818122 0.8987621 4.22635 6.090808 4.6306 2.728474 2.661104 3.558657 6.655584 8.501991 8.205628 3.02095 3.142839 0.9211506 11.2541 5.441551 5.557055 3.216969 6.865256 6.858975 13.56915 15.6155 9.895494 13.01739 14.28176 5.4319 5.847285 202.0903 303.8694 298.6109 144.0849 24.87652 1.168117 240.8695 243.5188 202.4112 2.870533 2.756026 1.862156 1.137174 1.574898 2.493573 3.146818 3.192541
8.173193 7.545178 5.0653 9.484351 9.116491 6.355132 5.037793 3.781641 7.21417 4.140398 2.661285 3.924516 4.505682 5.168892 5.907122 6.710144 3.586832 1.135599 1.751996 7.26502 0.3918967 1.347097 6.325722 5.249721 3.640511 2.627929 3.028113 10.28217 38.00547 18.57216 12.4715 3.486072 0.804569 0.9208375 9.084966 6.267379 6.833373 9.80611 6.862923 6.856644 13.37415 53.15674 73.79112 16.27202 14.60794 5.42807 31.0768 210.2408 552.1877 905.1765 153.7722 9.366022 6.474151 200.9889 194.237 162.6129 5.415311 5.375189 0.5984846 0.5984846 0.5984846 2.140988 3.054306 4.539593
7.076066 4.707899 6.104567 23.5978 29.34946 11.97051 7.087512 3.41673 3.861601 0.8025166 1.715681 5.324169 6.96233 7.637532 13.52375 15.83049 1.21962 1.55847 2.52295 0.7327618 3.020597 3.379676 5.446063 5.720047 6.677824 4.446603 8.887794 54.13221 522.0565 486.5877 27.3747 8.662773 8.623861 47.45929 11.9463 11.21873 17.61877 22.73609 36.00164 12.05058 11.02714 47.98163 51.14072 31.5573 38.9296 92.5446 172.2841 226.0521 766.2799 833.3179 256.7 27.11867 3.773475 3.895913 9.80647 10.79825 2.303709 2.330129 2.162964 2.143114 2.057586 13.48985 24.09762 363.5565
45.64832 4.096875 8.35564 9.777711 13.20511 9.783304 6.07613 4.507617 3.581797 1.977007 13.17262 8.600284 6.961456 7.306307 28.83028 177.5596 15.01904 8.63924 6.685869 3.628366 5.265888 2.460508 3.61553 3.870893 2.87335 3.183972 5.658023 24.12186 168.6333 314.7755 41.80464 11.8435 12.81612 6.225106 2.899132 3.852438 8.761962 1.656834 69.32205 15.11049 1.923654 52.40268 12.98829 3.259886 4.269845 7.192935 12.30463 16.13135 460.4803 806.1088 384.7604 0.9539141 1.150631 2.839272 5.035353 6.831284 3.894943 2.431567 2.600477 2.616562 2.830891 7.970421 22.41099 58.48441
84.60835 8.110873 2.506921 3.998713 5.670924 3.216299 0.5388266 0.3035228 0.8908091 1.846231 6.232734 5.414141 6.861359 8.752584 6.921256 9.959474 6.582786 5.450804 1.915868 1.774753 1.967921 2.327428 3.072529 3.075342 3.124616 3.182889 4.282611 6.929955 6.424878 14.37062 13.0272 9.529884 4.821951 2.85173 1.933606 2.746375 5.544636 4.646217 10.33665 10.01307 5.063924 4.591683 4.466994 4.341203 5.009513 7.19049 7.197074 11.55613 100.7653 80.38653 34.89582 6.74245 6.676144 5.256905 2.924301 3.075263 3.911354 3.593239 3.127028 3.11565 3.104209 3.089173 22.45475 7.579924
18.60354 2.599727 4.572158 6.893148 4.527052 1.796759 0.8825095 0 0 0.04868599 0.6936566 0.6338193 1.72955 2.522622 3.645942 2.519077 1.601835 1.690122 2.826217 2.724864 4.758887 2.805975 3.016448 2.865003 2.858783 6.465967 5.983025 2.849174 2.88564 4.556807 4.433071 8.201825 0.5532565 0.8795133 2.980042 4.664171 9.681242 11.77501 7.49909 14.30824 4.828503 3.053954 2.02125 2.991892 4.824627 4.767939 1.363481 22.90462 25.4953 23.57057 13.01368 13.02627 9.384944 4.808504 4.800737 4.566417 3.189115 2.435925 1.350168 1.337387 0.8341029 0.8641823 1.426092 2.233792
15.24154 7.258575 10.51935 9.867579 10.93321 2.730662 2.853889 4.643034 4.555315 0.2670668 0 0 0 0.5788301 2.384609 2.096939 1.975192 2.678673 4.221803 4.132364 0.3415555 1.864995 2.460964 2.371099 2.619765 4.448815 4.216177 2.727624 2.773583 8.281698 1.492081 5.212376 2.304208 1.537892 3.36669 9.04085 20.29364 14.52596 2.294221 1.488055 2.856478 2.540862 1.723153 2.715361 4.804811 4.762039 2.850253 23.48588 28.08101 14.178 13.00926 13.02144 13.28276 9.17521 6.302385 5.792135 2.811395 2.207788 0.7867189 0.8368139 0.7716682 0.7725428 2.268044 2.545213
10.84477 6.454902 6.967257 9.760758 4.877717 3.420325 3.224324 2.597126 5.458316 3.304541 3.551235 1.555801 0 0 1.430495 3.692918 4.967985 4.190606 2.305116 2.307227 1.463588 2.353839 2.270759 1.738995 1.898068 2.128091 2.388152 3.371138 3.831923 6.956488 2.295354 3.313343 3.198603 5.197538 5.148982 3.6856 3.532476 5.574826 3.944569 3.891759 2.343659 1.722567 1.724144 2.675613 4.807576 4.989725 5.78419 24.31076 25.56741 12.51743 8.795367 3.272496 1.377832 1.77789 8.432602 7.520229 3.94098 2.628156 0.7783601 0.7643712 0.6735923 0.6742092 2.264552 2.546678
7.819896 2.568458 4.347893 7.647473 3.57536 3.433702 3.053324 1.557589 1.556399 3.048194 3.332693 3.738387 1.192646 0 0.7191761 1.942754 2.17623 2.918108 1.570532 0.949526 1.959394 5.674637 2.339969 1.567617 1.042168 0.3095994 0.9661854 3.990861 8.598479 4.78869 3.301868 0.8658239 0.8188955 1.603549 3.726454 5.24884 9.018672 6.794545 5.766584 5.675516 3.999518 3.274094 2.937049 3.848531 7.113129 7.935007 13.44326 22.24705 28.14149 16.87583 7.614799 4.04985 2.375756 8.322559 55.4386 7.172572 3.670057 2.590262 1.120303 1.343556 2.782202 2.773411 2.525469 2.447848
0.03359376 0.6169689 2.687291 3.968964 1.446465 1.833759 2.245187 1.31923 1.322689 1.509564 1.939472 3.498881 5.584855 3.837794 0.5064201 1.018772 0 2.366292 1.754759 0.4255099 1.500904 7.337426 2.697073 2.59148 2.128114 1.39007 1.333352 1.525024 7.76604 7.817181 4.28195 2.486742 1.764864 1.577368 1.829477 4.871842 10.12357 7.526521 6.190815 6.325316 5.886415 5.704486 4.891639 4.98337 12.19826 13.19303 14.77461 14.96525 13.51838 11.40252 11.29293 5.655455 2.858042 6.115232 8.766651 6.917336 3.588927 2.605589 1.227366 1.53282 3.445816 3.448971 2.613644 2.461082
0.3084598 0.8266243 3.584229 4.167017 7.915453 1.680434 1.90685 1.334132 1.359698 2.315547 2.418022 5.763292 7.388194 19.33979 49.75255 31.74456 0.04550521 1.945086 0.9337189 0.5184875 2.607409 2.856212 2.034636 1.284219 1.651494 2.18183 1.927336 1.207466 4.00093 8.012432 4.813928 2.489473 4.705128 3.483801 3.040373 2.224393 7.156284 4.64789 1.968782 6.573774 6.52367 7.195017 6.760753 5.837368 6.480659 6.065248 13.52532 10.83953 10.10569 11.39808 11.44436 5.885858 2.85707 4.710098 7.428112 7.533385 7.851718 2.216436 1.9142 2.085726 3.353546 3.357113 3.633984 3.655384
1.528409 1.529809 4.693333 6.082018 9.971646 2.694094 1.358178 1.358178 1.404098 3.270471 3.270471 6.27539 8.297781 28.64634 42.16311 96.61181 0.5533023 1.063969 0.5348657 0.8327295 3.342424 2.874318 1.769632 1.267404 1.380974 1.554178 2.06709 4.663566 5.491581 14.07896 5.422966 1.879924 8.341987 6.222328 2.789772 6.946544 6.95725 6.830886 6.688196 10.24654 6.370977 8.678778 9.088608 14.52064 1.576005 0.2505626 12.79939 8.871196 8.597939 11.2788 11.45094 6.091381 3.333908 5.35696 7.603196 7.550607 6.237794 1.967699 1.26983 2.018515 2.231663 2.233706 3.32851 3.535709
1.348105 1.332797 6.422405 3.788139 7.285991 4.814929 0.9572612 2.325173 2.408586 4.120333 4.141366 2.928393 3.081733 10.50406 10.87002 5.652544 0.4686542 1.086729 1.122738 4.195673 6.499843 2.442015 2.20324 0.7198777 2.179962 4.452558 4.063626 1.852795 1.456797 8.942183 5.172858 2.37098 8.262419 4.974699 2.466004 8.836515 8.836515 8.773532 8.71016 4.809351 2.424186 7.439476 4.52935 9.911401 2.146846 1.245352 1.844061 11.34335 13.36695 11.50541 10.81686 7.212614 5.635323 9.121292 8.810101 7.943941 5.110999 2.655804 1.038614 1.764586 2.230903 2.347666 4.528574 2.701105
1.151056 1.15211 1.106621 3.883241 8.548417 5.07193 1.689567 2.832335 2.884528 4.490963 4.490963 2.61816 2.515182 4.099928 1.564229 0 0 0.687955 1.852359 0.2538084 3.806873 2.455776 2.291009 0.8231826 0.6608867 0.3671274 0.4568537 1.186628 0.7533996 3.262287 4.085729 0.3881464 3.06467 2.190088 2.187639 7.964458 7.961694 11.53813 9.474158 4.136384 1.973296 1.997682 0.9911351 1.834068 0.9685794 2.492726 11.86483 13.32048 13.37464 11.74575 9.723652 8.084605 6.546721 9.246634 9.238173 9.006418 20.19639 17.62259 2.319224 2.507299 1.40448 1.15432 3.224371 7.366474
1.150664 1.151718 2.257964 3.002076 3.628453 2.875368 1.870835 0.2585641 0.2777573 1.718776 1.809567 3.172361 3.444679 3.051762 1.357244 0.004010221 0 2.262789 2.694449 0.1130198 2.714516 3.471359 3.489096 3.537866 2.366706 0.5649791 1.282173 3.940249 2.573943 0.6632465 0.3180461 0.1043845 1.161162 3.379845 4.636828 6.013758 6.024574 4.665176 3.475386 2.407718 2.157069 3.508016 2.638515 2.643349 3.052839 6.697824 12.29846 13.32654 13.12928 12.22226 10.20411 8.459287 7.14565 7.137341 7.408093 9.03251 112.6978 240.9211 9.410954 1.865045 0.7618104 1.720833 2.146147 2.255535
1.151326 1.15238 2.610627 2.853094 2.90555 2.545052 1.780872 0.3096903 0.7960861 1.787627 1.819094 2.693305 2.858795 3.052993 3.250059 1.131913 0 1.826181 1.992986 1.458419 2.602383 2.480396 2.876228 3.012421 2.032096 0.743543 1.504042 2.659388 1.352792 0.4053754 0.318229 0.1033554 0 2.650227 4.131961 4.473579 4.486601 2.204334 0.7520818 0.7925432 1.556216 3.184459 2.934999 3.958762 4.260537 2.58006 9.608832 7.367282 10.92696 10.81291 10.58317 7.934208 5.809926 6.970318 6.965515 9.519018 20.35936 26.62609 5.333872 1.246073 1.957434 4.875429 3.896005 1.572833
0.2672141 0.2402881 3.504542 4.083669 8.323291 2.261995 1.895645 1.720091 4.332882 2.726492 2.726492 1.570029 1.266623 1.801074 2.421455 2.111825 0 0 0 1.755141 2.544566 1.282693 1.127525 1.180432 1.224997 1.269123 1.269123 1.270285 1.269123 0.2633457 0.172635 0.9771121 1.410416 0.7937549 0.0334681 2.137967 4.031799 0.2692842 2.688307 2.858499 3.226478 3.392487 2.133771 5.101612 5.409129 4.665071 4.605475 6.048979 6.989593 7.005428 10.35938 7.164314 4.183033 5.207057 5.124179 5.336248 6.40974 4.062438 1.03516 1.316644 1.704738 6.779076 2.825787 2.145978
0.206857 0.2070464 0.6756422 1.718787 5.645849 1.754112 1.574541 2.100683 3.158078 2.412865 2.438184 1.479594 1.206273 4.368096 6.721637 3.632043 0.5237349 0.8855243 0.4725133 1.721415 2.54603 1.653504 1.595053 1.646427 1.421987 1.124797 0.982051 0.3444376 0.3235852 0.02467071 0.4451474 2.744447 2.749753 1.637179 0.2658106 0.2686035 0.2670485 0.08134271 2.663201 2.860144 2.908963 3.531283 3.251083 4.478449 4.471828 4.920635 6.846816 8.551536 5.433189 6.897271 10.85858 7.363741 3.022985 3.599044 3.718088 3.348863 0.8600295 0.6960746 4.107493 5.63078 3.351647 5.563051 2.605305 2.097315
0.05482254 0.05180106 1.732502 2.714248 3.79734 4.783938 3.659272 2.774051 1.490619 2.015117 2.015117 2.28092 1.146021 1.704509 2.103515 2.920473 1.55667 2.144958 1.799899 0.7278088 2.546329 2.146496 1.857617 1.780456 1.25416 0.5764732 0.8404825 1.00462 2.955438 1.650189 2.814284 2.657888 2.487348 2.153386 1.731651 1.727159 0.9512092 0.4743066 0.8649511 1.08479 0.6522424 3.442878 3.853252 4.342254 4.648732 5.586 7.111862 6.710708 4.575926 5.035829 10.01843 7.547378 3.02334 3.296904 3.718524 3.362494 0.8747126 1.474045 5.442619 6.930037 6.99876 5.724901 3.013387 11.97791
1.663081 1.739442 3.202492 3.951599 3.626296 4.484714 4.401808 3.221588 1.704391 1.440641 1.424731 2.106447 1.295806 1.971207 2.454411 5.238376 2.670546 2.045928 1.960865 0.0001210778 2.384332 2.13013 0.9107574 0.4355783 0.6204194 0.8405759 0.7624892 0.3903769 3.16325 2.495051 2.451251 1.632518 1.314659 1.696064 2.165191 2.745283 1.637087 0.3123347 0.1802054 0.09074016 0.06620982 2.053511 1.352738 2.027941 2.43904 2.820298 2.834694 1.758773 2.262205 2.1932 1.399854 1.017214 1.122396 2.89134 5.88632 5.354829 1.228528 2.728277 5.349303 1.9483 11.47393 9.089147 2.651444 4.005887
