Datasets/ASCII/population.asc
ncols         220
nrows         174
xllcorner     -88.683333333822
yllcorner     37.641666667611
cellsize      0.008333333333
NODATA_value  -9999
[rows 112 to 139 of 174, columns 0 to 63 of 220]
-9999 -9999 -9999 -9999 -9999 2.287061 1.808563 1.513291 1.813554 1.318863 1.088169 0.2912326 0.2872506 0.2834888 0.16965 0.3957999 0.1256699 1.364841 2.160191 2.753021 4.156977 7.188999 6.147913 5.256441 4.693071 4.418578 2.969864 2.956676 3.13209 4.434278 4.49264 2.157746 2.061747 0.9207726 0.9190036 0.1733578 0 0 2.468367 3.410656 2.434634 2.647212 3.030654 2.956315 2.062119 0.08537929 4.416192 3.350269 0.5151752 0.5556343 0.3512138 0.2393188 0.1888982 0.2278364 1.046928 0.6586713 0.4810351 0.008796426 0.2357212 0.04896287 1.27256 1.404011 3.168068 4.300762
-9999 -9999 -9999 -9999 -9999 -9999 2.794284 2.879461 2.882098 33.09887 0.4743089 0 0.2001486 1.340186 0.03610702 0.9141671 10.39816 7.215301 3.650114 4.605719 5.782402 10.43759 8.347065 6.620895 4.626756 4.002134 3.651963 2.216851 1.26515 0.609126 0.9342103 2.199699 2.042216 0.4499245 0.4515427 0.06060323 0 0.9606835 4.457096 5.064647 2.258327 2.794398 2.319613 0.413621 0.0515606 1.759888 3.491869 3.51642 2.624921 1.508012 0.9303713 0.6692616 0.4458824 0.9681884 1.827292 3.422659 1.420194 0.707711 0.6798443 0.6056907 0.6893725 0.8232968 1.157367 1.962036
-9999 -9999 -9999 -9999 -9999 -9999 2.441787 0.9371722 0.6345879 1.015269 6.202407 4.373901 0.2589882 2.705845 2.853552 5.902002 9.203379 5.853855 3.685199 3.416543 3.040194 6.646239 6.271822 2.649331 2.150941 1.497289 2.563057 1.525374 0.6663685 0.4504014 1.397828 3.769464 3.715153 0.7996043 0.5380902 0.02458128 0 4.989958 2.766109 0.5808527 1.096469 2.932744 2.605767 0.149143 0.05300921 0.1567834 1.904537 1.987251 2.650661 1.460177 0.9246058 0.6665534 1.680472 1.8735 0.5383906 3.075452 0.6057514 1.160212 1.237391 3.18363 4.056102 4.062632 3.654709 3.066012
-9999 -9999 -9999 -9999 -9999 -9999 -9999 1.320671 0.9610724 1.21784 4.329613 8.920742 7.361927 4.010513 5.463381 2.908721 4.614868 5.334524 4.247576 3.24709 2.040589 3.583569 3.447229 1.132896 1.34465 0.6766748 2.150059 1.337855 0.5463184 0.296668 0.3020573 0.7826738 0.7779281 0.9256315 0.5193432 0 0.0009405316 1.522259 0.8047023 0.3676754 0.660945 2.251787 1.51206 0.704017 0.2500515 0 0 0 0.1550479 0.3346463 0.8343394 0.641562 0.5368145 1.304901 0.4458133 0.7314945 0.7037838 1.366577 1.450595 3.579251 4.546437 7.123088 7.333084 3.194945
-9999 -9999 -9999 -9999 -9999 -9999 -9999 1.209882 1.865258 2.562039 6.075241 19.45457 21.04302 6.92385 2.143641 3.740566 15.67101 11.69948 9.334296 5.297459 2.63865 5.051426 5.283102 1.917809 2.980277 2.474954 8.052065 21.04747 9.852429 4.216737 1.634179 1.93582 1.749129 0 0.765857 1.829034 1.173229 0 0 4.945101 2.656544 5.46585 4.005977 3.141881 3.333441 3.421821 1.166323 1.178205 1.353386 1.149193 0.4224439 2.640607 0 1.009118 3.257143 1.351558 1.351558 2.306657 2.421292 3.991934 4.704082 11.60991 7.669199 3.186489
-9999 -9999 -9999 -9999 -9999 -9999 -9999 -9999 1.875378 2.542339 3.068313 4.561186 11.17961 12.55559 9.682383 2.963761 9.15182 8.73273 9.598839 7.12602 5.699324 5.578897 4.945933 2.441743 0.1366796 0.6056755 1.845514 4.510553 2.27983 2.025344 2.01056 2.012401 1.718608 0 0 2.39538 2.061302 1.945315 1.223517 3.081271 5.739158 8.820099 5.921101 2.535896 4.232838 5.062454 1.69632 1.558234 1.525335 1.394527 0.4856417 1.820853 0.8530611 3.388168 2.684038 3.285577 3.259718 5.475845 5.810357 4.073363 6.773941 6.250715 3.703125 2.966214
-9999 -9999 -9999 -9999 -9999 -9999 -9999 -9999 1.893149 2.543793 3.10824 4.538169 10.09608 16.52288 17.41211 10.80708 58.35062 155.7746 49.29764 4.948462 4.888404 4.463394 4.258079 3.259887 2.659646 1.103674 1.225578 2.420722 3.552894 3.723737 3.693758 3.752511 2.837676 0.01334493 2.556309 2.097216 2.081882 5.972857 5.141714 1.51643 62.86756 179.1053 61.39618 4.635813 11.84412 2.780704 1.04176 1.00792 1.569812 1.614627 0.5478005 0.01856637 2.951436 1.562203 1.54264 3.351002 5.651495 9.837758 10.3558 7.754152 7.774362 9.472593 1.073345 0.9194761
-9999 -9999 -9999 -9999 -9999 -9999 -9999 -9999 -9999 8.12186 7.011554 4.487746 8.139171 9.988907 9.689742 33.53149 181.8272 533.836 604.9854 13.04193 4.186933 4.594051 4.498255 4.481479 5.141756 2.133053 1.672384 2.97178 3.4195 3.822692 4.123621 4.658144 3.847758 2.740915 4.840709 2.009218 1.327786 5.136052 3.383266 14.97141 140.1761 133.7654 29.41535 1.286084 1.892802 1.902234 2.092665 2.09075 1.072558 0.3427953 0.1130469 2.196265 6.184109 7.404271 7.008841 2.856221 4.447244 20.40062 22.03889 56.19344 222.5381 852.4111 520.8945 93.78049
-9999 -9999 -9999 -9999 -9999 -9999 -9999 -9999 -9999 8.381708 7.169935 4.476441 5.154505 8.348435 13.7408 92.10619 262.9494 510.1874 271.0845 46.37653 12.57235 4.752337 4.752337 4.78031 5.144697 2.050567 1.947697 3.420004 3.666007 3.824879 4.141744 4.657528 4.338005 2.97051 3.313954 0.7054518 0.6017438 4.73332 2.179464 4.342836 6.502457 10.68529 15.58383 12.67091 3.835855 3.826826 0.4951185 0.4791138 0.3477037 0.3270762 0.1068698 3.745291 15.92678 50.02592 36.99856 8.667196 8.644263 11.30047 20.19838 176.6805 498.3833 870.0031 829.5671 112.5855
-9999 -9999 -9999 -9999 -9999 -9999 -9999 -9999 -9999 -9999 3.561438 5.098387 11.40249 14.15109 21.87668 19.22392 30.11376 107.7906 109.0097 17.72253 14.74142 10.98217 12.01363 3.66824 1.543388 1.290749 1.564632 2.997975 2.214108 1.525502 2.710881 4.517925 3.571325 1.324306 1.799479 2.742143 2.786346 2.038783 3.76499 6.144487 1.020131 3.803935 7.551877 6.034915 1.491205 1.463159 0.8998634 0.6597736 0.2494956 0.3570358 3.225731 4.250818 7.068146 11.8403 16.77695 48.19894 53.39849 28.64782 23.69762 57.397 259.1234 546.1491 387.8608 120.4324
-9999 -9999 -9999 -9999 -9999 -9999 -9999 -9999 -9999 -9999 2.027638 0.7880902 7.052909 12.11176 6.615718 6.556036 9.332499 17.24847 13.65819 13.1735 4.375579 4.251059 4.886406 4.794107 1.216211 1.216211 1.832694 2.904078 1.93604 1.149196 2.481281 4.227637 4.072866 2.966981 1.95127 2.71436 2.799747 1.738421 3.645584 1.942284 1.422907 2.437059 3.172221 3.422614 3.993084 3.728993 0.7097226 0.4098735 0.3646422 1.121179 3.254925 3.577451 6.968229 13.22235 14.74002 19.35823 19.74432 44.92103 32.53505 96.23277 117.2485 4.369721 7.740985 10.3176
-9999 -9999 -9999 -9999 -9999 -9999 -9999 -9999 -9999 -9999 -9999 2.515001 2.920273 7.319403 6.453029 6.453029 3.265352 2.578681 8.435659 12.61313 4.325805 4.25852 4.880409 4.584489 1.215793 1.215793 1.215793 2.679694 2.111014 1.407492 1.905148 2.658915 7.975707 3.391674 0.002322319 0 0 1.786757 2.158038 2.390793 4.38868 3.430541 0.1371699 0.7458 2.408195 2.385521 2.365843 2.363678 0.9576461 0.8020298 0.4740197 0.5435161 5.115759 13.21781 16.95737 21.95912 34.09075 29.06463 16.6933 17.53693 8.931913 3.679799 8.266665 3.274783
-9999 -9999 -9999 -9999 -9999 -9999 -9999 -9999 -9999 -9999 -9999 4.418913 4.425001 4.444306 4.61544 4.555275 4.987387 5.536348 16.3334 6.774374 2.927565 2.234711 1.305654 1.388223 1.216488 1.216488 1.216488 2.70216 3.899631 4.338055 3.071099 1.586137 1.811931 2.125712 0.01918818 0.3186838 0.6364068 1.156346 1.207829 2.991458 5.118752 4.175753 2.146485 2.637031 3.7874 3.743994 3.500335 3.499812 2.077906 0.4402482 5.996488 8.228507 10.87216 14.58618 10.77125 14.04731 7.728271 2.345361 1.621271 0.858504 0.980612 2.530132 2.520867 0.7975414
-9999 -9999 -9999 -9999 -9999 -9999 -9999 -9999 -9999 -9999 -9999 -9999 4.177102 4.877167 1.034852 1.039611 7.569154 9.503808 10.92291 4.723842 2.162158 0.475854 0.463625 0.7271602 2.576015 2.017816 1.21607 0.8959361 0.8269944 3.68799 3.981324 2.408355 1.443912 1.246243 0.01432436 0.878507 1.746789 0.2582171 0 0 0 2.51977 4.712989 4.987607 5.518727 5.428726 4.895398 4.890919 3.819654 9.494408 14.85143 16.70461 24.46952 14.81449 14.12953 7.304324 4.241975 1.503158 1.484159 0.7557064 0.9986253 4.162307 4.158498 4.744653
-9999 -9999 -9999 -9999 -9999 -9999 -9999 -9999 -9999 -9999 -9999 -9999 -9999 11.05236 8.517591 5.615708 6.12199 5.894269 4.718289 4.210387 1.194923 0.2798772 0.1891655 0.3908321 1.595874 2.494697 2.962222 3.22382 2.950554 3.752648 4.173316 3.872883 1.562157 1.471593 2.621366 1.755595 1.012284 1.153334 4.279488 2.17308 0.4729666 8.18615 11.89487 10.0334 6.144686 6.108859 5.048453 4.865692 6.005663 10.26848 11.7529 11.32007 19.84322 7.752904 6.671608 2.356003 2.165952 1.112603 1.20046 0.4220127 0.875558 2.016258 1.831888 1.555494
-9999 -9999 -9999 -9999 -9999 -9999 -9999 -9999 -9999 -9999 -9999 -9999 -9999 10.06119 5.014719 4.25244 4.261117 4.038032 4.110029 3.382133 1.805056 0 0 0 0 0.6544974 1.413316 2.058402 1.441908 2.10146 2.097811 1.239666 1.037066 1.611908 3.986903 3.553655 0.5844302 1.498329 1.6218 1.620151 1.566362 7.508885 11.93914 9.220793 3.757913 3.78213 3.576891 3.395503 11.03675 5.443707 8.087677 4.460131 3.701796 3.855353 3.51442 2.19766 2.19766 1.219692 0.7849895 0.01126515 0.5316864 1.301118 0.9153255 0.6360105
-9999 -9999 -9999 -9999 -9999 -9999 -9999 -9999 -9999 -9999 -9999 -9999 -9999 -9999 2.594812 2.689609 3.33699 4.506357 3.503147 3.031179 4.988354 1.463624 0.04296677 1.417856e-005 0.09235876 2.325341 1.414519 1.458952 0.6645317 0.9617581 1.218938 4.786492 5.38371 4.168823 3.999133 3.896528 0.5792004 2.249394 3.830358 1.902859 1.076682 6.264387 6.278816 5.357306 3.573436 3.605261 2.921276 1.455608 11.512 4.470232 3.330607 4.189998 3.821892 2.582819 2.383666 2.757072 2.796095 1.313303 0.5410974 0 0.2312418 0.6656712 0.8817202 1.060989
-9999 -9999 -9999 -9999 -9999 -9999 -9999 -9999 -9999 -9999 -9999 -9999 -9999 -9999 -9999 2.860485 3.432853 4.468596 3.911002 3.668862 3.728028 3.921182 4.758543 4.941124 8.099433 7.427477 0.5500902 0.9668376 0.4835569 1.064621 1.575269 1.46074 2.14842 4.02935 4.009693 3.852378 0.2137456 1.08415 1.183571 1.108391 1.077795 4.002191 4.983109 6.201774 8.41225 7.892435 6.903211 5.56396 3.119606 3.263392 1.780903 7.138789 8.192419 3.699591 0.5145587 1.698011 2.559562 3.737596 1.593984 0 0 0 0.3441665 1.060631
-9999 -9999 -9999 -9999 -9999 -9999 -9999 -9999 -9999 -9999 -9999 -9999 -9999 -9999 -9999 -9999 4.26646 4.419516 6.417022 6.966815 7.379611 7.759261 14.08829 14.27692 8.017666 6.184206 0.4197792 0 0.1170459 1.420602 1.576169 1.577613 1.486098 1.309218 1.174229 0.2140636 0.2138678 2.864739 1.533335 1.183164 1.183164 3.918127 4.247177 7.004607 11.98187 11.76268 6.364625 5.265166 5.203857 3.960732 1.362961 0.5461135 6.740852 4.47136 2.915987 0.5148529 0.6133462 3.781197 0.9168463 0 0.5996939 0.8797021 0.9138541 0.8482593
-9999 -9999 -9999 -9999 -9999 -9999 -9999 -9999 -9999 -9999 -9999 -9999 -9999 -9999 -9999 -9999 3.316439 5.722325 7.008956 6.548641 6.602862 5.546957 44.05006 14.33953 5.838091 3.988346 1.388234 0.2719515 0 0.9087911 1.282938 0.891145 1.034624 1.309367 1.421977 1.977892 2.009413 3.000836 1.802059 2.739933 1.119178 3.747602 12.44801 19.79477 17.62452 16.19224 6.892976 7.031105 7.682828 4.818165 1.688438 1.128773 1.262725 5.210363 7.607922 4.495437 2.154487 2.009004 1.214889 0 0.3019222 1.192485 1.822706 1.033876
-9999 -9999 -9999 -9999 -9999 -9999 -9999 -9999 -9999 -9999 -9999 -9999 -9999 -9999 -9999 -9999 -9999 1.721559 3.906438 2.821565 3.487312 2.089217 10.94205 13.36682 2.635759 1.909788 0.4687848 0.3191326 0 0.3736251 0.8507346 0 0.4623243 1.308916 1.745777 4.101947 4.098194 0.7978961 1.645008 5.103592 1.132158 34.96876 217.9442 72.49817 11.34372 10.73573 7.928767 7.921513 6.04114 4.925367 2.616968 2.243871 2.073253 3.999132 4.369251 2.642642 1.309569 1.760916 1.320711 0 0.5780014 2.188396 1.770181 0.09388936
-9999 -9999 -9999 -9999 -9999 -9999 -9999 -9999 -9999 -9999 -9999 -9999 -9999 -9999 -9999 -9999 -9999 -9999 1.222406 0.6491141 0.4443107 1.3694 4.706024 6.635764 3.090277 2.894962 2.20194 0.6998756 0.4949468 0.5002989 0.5274647 0 0.430206 1.207943 1.533792 3.438369 3.43478 4.462217 3.061159 2.139025 4.249392 47.66798 408.4687 205.2043 2.538778 8.053407 7.888452 4.328172 3.150571 3.293936 2.033379 1.612011 1.612012 2.450316 3.085229 3.095005 3.042553 1.920818 1.494294 0.0922296 1.061616 2.240347 2.213097 0.7841105
-9999 -9999 -9999 -9999 -9999 -9999 -9999 -9999 -9999 -9999 -9999 -9999 -9999 -9999 -9999 -9999 -9999 -9999 -9999 2.067238 1.390422 0.1057793 1.166823 0 1.935081 3.471528 3.471528 1.057461 0.7649394 0.7649394 0.652856 0 0.4169146 1.160495 1.208829 2.218076 2.671227 3.345953 1.597468 1.82635 5.305796 5.821157 73.67456 22.90915 3.663553 1.753051 4.59089 3.2707 2.87774 2.848506 3.695844 2.384731 1.376827 5.369432 5.59863 5.593789 5.62216 6.133528 7.05479 4.198868 13.47449 5.253691 3.492491 1.350982
-9999 -9999 -9999 -9999 -9999 -9999 -9999 -9999 -9999 -9999 -9999 -9999 -9999 -9999 -9999 -9999 -9999 -9999 -9999 -9999 1.34494 0.1822042 0.1624028 0 0.2041226 2.589686 2.766125 0.3385546 0.07557066 0.07818059 0.0693237 0 0.208843 1.053314 1.161158 2.000846 2.573761 1.730782 1.752444 2.699483 2.744471 11.77854 7.462168 12.22685 4.068686 4.088319 4.404207 3.692847 2.890449 2.872483 2.876635 2.385418 1.761871 3.364732 4.611126 6.127593 6.324653 8.016539 7.401971 6.417968 6.560766 3.140604 3.229783 4.334828
-9999 -9999 -9999 -9999 -9999 -9999 -9999 -9999 -9999 -9999 -9999 -9999 -9999 -9999 -9999 -9999 -9999 -9999 -9999 -9999 0.9220387 6.063237 4.466966 0.02929878 0.1199469 1.68065 3.096368 0.2987722 0 0 0 0.2645183 0.2881175 1.2265 1.497733 2.046617 2.641262 1.518283 3.316152 3.99914 3.093754 12.32002 12.2978 5.432971 4.068061 4.119636 4.451235 3.883641 3.116528 3.087042 2.587508 2.412153 2.625984 2.820678 3.690927 6.211439 10.69689 15.22548 9.779372 11.32165 9.551285 3.049912 3.623068 4.237377
-9999 -9999 -9999 -9999 -9999 -9999 -9999 -9999 -9999 -9999 -9999 -9999 -9999 -9999 -9999 -9999 -9999 -9999 -9999 -9999 -9999 3.448309 2.791461 2.402487 2.937114 2.407163 0.4433323 0 0 0 0 1.588923 1.634792 2.849574 3.017675 2.975048 2.927015 0.7678542 0.617994 6.503656 4.76116 1.978592 2.248001 1.994091 3.517692 3.712508 3.585611 2.318837 2.302493 4.476679 4.785359 4.327195 4.210381 4.116356 4.661326 5.796266 5.707768 4.519228 4.515094 5.8834 8.227455 9.537986 3.427649 3.691754
-9999 -9999 -9999 -9999 -9999 -9999 -9999 -9999 -9999 -9999 -9999 -9999 -9999 -9999 -9999 -9999 -9999 -9999 -9999 -9999 -9999 -9999 2.356252 2.490809 3.2123 6.213201 75.64774 3.649143 0.3722233 0.4626816 0.4383695 1.389973 1.800982 2.49518 2.567093 1.211806 0.3503727 2.543679 6.515818 9.079773 7.284984 2.079567 2.033363 2.558645 5.050419 3.849302 2.929395 2.08653 1.304725 2.448626 5.514294 4.111175 4.111175 4.114939 4.674568 5.79427 5.545663 3.542315 2.598374 4.273551 6.100199 8.746704 6.139186 3.460655
-9999 -9999 -9999 -9999 -9999 -9999 -9999 -9999 -9999 -9999 -9999 -9999 -9999 -9999 -9999 -9999 -9999 -9999 -9999 -9999 -9999 -9999 -9999 1.189955 0.2833086 4.634446 97.30989 2.195961 0.9405311 1.119237 0.9344249 1.180419 2.014286 2.0721 2.072101 1.162312 0 4.099081 37.9887 11.07413 5.707938 2.066942 2.043169 3.307314 9.52911 5.997742 4.226058 3.820294 1.700605 1.150617 2.409356 3.28971 3.698421 3.682194 4.15351 5.234097 4.596465 2.302656 0.04949148 0.9794436 2.106185 4.476423 2.255635 3.398789
