Datasets/ASCII/population.asc
ncols         220
nrows         174
xllcorner     -88.683333333822
yllcorner     37.641666667611
cellsize      0.008333333333
NODATA_value  -9999
[rows 56 to 83 of 174, columns 64 to 127 of 220]
1.766235 1.661499 1.780174 2.856822 3.518999 3.515779 2.908662 4.612314 3.943303 3.939695 4.100976 4.26175 2.702643 2.327488 1.691061 1.374175 1.349292 1.648396 2.039939 1.90257 1.19794 0.5726117 0.05724313 0.988059 1.701422 3.418319 4.084193 3.271447 2.757615 0 0 0 0 1.602234 5.480219 3.468904 3.468904 3.468904 2.582052 2.199235 2.123791 2.111386 1.16303 0.8726644 1.558162 3.697627 3.904833 5.473732 5.595926 5.690446 5.713933 4.306669 2.551761 1.794968 2.290709 2.722206 2.310281 2.208793 4.254245 3.196442 0.5641023 0 0 0
0.6687668 1.604648 1.773012 2.410177 2.843473 2.836883 1.769603 2.114626 3.038289 3.00993 3.036655 3.480459 1.169777 0.1082911 0 0.8923298 1.055847 1.224854 1.45419 1.455521 1.427602 0.7149656 1.457705 3.6897 4.157094 3.606195 3.089652 3.128534 2.906308 1.745426 1.756041 3.312454 3.235579 3.342849 2.799646 2.190759 2.217328 2.243644 3.049372 3.342988 0.9795253 1.420611 1.08516 0.8723664 3.276705 2.69149 2.844571 1.585321 1.488633 1.429608 1.490249 2.650411 2.049003 1.549116 2.38367 2.717249 1.792597 2.4886 4.252792 3.952349 1.72987 0 0 0.09337033
0 0.6007448 1.020488 1.942435 2.333415 2.33128 1.749273 0.09970552 1.91341 2.43327 2.42841 2.253992 1.171257 1.29504 1.321323 1.018737 0.9486938 1.166932 1.451147 1.454283 1.430199 0.8004139 2.115635 4.574978 5.047331 3.652164 2.621711 2.77849 2.713334 2.401618 2.446371 4.206306 4.202458 3.726865 1.889293 1.705255 1.705255 1.705255 3.325724 3.904117 1.171842 0.6044956 2.207073 1.572867 4.465904 3.301009 3.394293 4.607225 4.595868 2.646414 2.384292 2.384292 2.384292 2.327142 2.49527 2.821014 3.055917 3.183224 3.950752 4.24492 2.880393 0 0 0.2410794
1.100122 1.266744 2.026218 2.479 2.524742 2.522727 1.895261 1.297919 10.29028 5.567386 22.07433 51.16714 2.385757 2.360477 2.365039 1.53251 1.392113 1.084454 0.669188 0.864063 1.800545 2.026472 1.916429 1.000248 1.952337 2.483807 2.588214 2.993996 2.759426 1.635957 1.677295 3.032027 3.024739 2.090358 0.4494652 0.1060035 0.1245258 0.1430841 5.121428 6.652859 1.622299 0.5382069 2.789451 1.862233 1.869585 3.237667 3.411907 4.605651 4.091454 2.636753 1.853115 2.156198 2.383477 2.38566 2.469654 2.808341 3.174912 3.177819 3.783248 177.9393 215.9461 16.44957 0 0.00975063
1.681369 1.59698 2.480504 2.578191 2.581668 2.622389 2.428017 2.051851 2.352838 1.831767 33.12022 129.4269 1.438759 1.943615 1.980214 1.476734 1.399627 1.087603 0.6702958 0.8826903 1.807089 2.043521 1.988518 0.8791165 1.243205 1.828735 1.247921 2.828012 2.213582 1.320467 1.609514 1.992655 0.719414 0.4380305 1.07454 1.123922 0.9127738 0.9902332 5.04683 6.219599 2.587674 1.447611 3.376213 3.161052 2.884328 2.380819 2.07089 0.9722489 0.9425799 3.090204 2.971788 3.132526 8.158665 3.683746 21.33134 8.243227 3.011538 2.274888 2.246176 157.4306 198.7155 6.29526 13.33308 0.8042464
5.038704 6.655134 7.329428 2.786167 2.788718 3.404688 3.26492 2.649818 2.343511 2.332664 2.549395 9.42429 0.06472487 1.271309 1.913408 1.426692 1.201653 1.390608 2.030813 1.99068 2.524682 3.077056 2.709725 0.8635816 1.280316 4.166293 3.421387 1.369537 0 0.3334984 1.465259 0.9869521 0.5267569 0.9818019 1.456545 1.633409 1.59581 1.541493 2.444785 2.726703 2.544477 2.20568 2.46179 2.05711 1.195306 1.124922 1.06628 0.7836688 0.777573 3.020006 3.380051 4.703934 4.984383 5.097346 5.964715 7.157007 5.389224 2.61485 5.294454 2.294458 0.7672791 1.820234 10.13001 2.709205
4.135653 5.498405 5.862778 1.99669 1.952482 2.296426 2.403761 3.291375 3.389822 3.609237 3.621372 6.708805 2.96188 1.955497 1.071244 1.336005 1.220197 1.866885 3.536016 3.862 3.795688 2.681882 2.660411 1.485796 1.411714 3.264857 3.165726 2.109585 0.9850206 0.2070189 0.737972 2.683296 2.817402 2.716954 4.181055 4.631458 4.431913 4.224413 3.553669 2.430112 4.357469 3.821718 1.81516 1.455646 1.29194 2.096628 3.654965 3.212729 3.131764 2.274917 3.293818 6.517305 11.01481 10.46903 10.56257 2.310772 3.470551 1.054321 2.171896 0.3639987 1.789274 2.812422 2.741511 2.601342
1.802581 2.43832 2.683161 3.681926 2.521959 1.878076 1.447251 2.920158 3.547514 3.855907 3.852165 5.11536 5.392616 2.645106 0.6606942 1.198336 1.243992 1.401396 1.726208 2.565692 5.321647 1.295628 1.296325 1.413697 1.280393 1.620197 3.890688 4.088807 2.356353 0.3994492 3.341686 6.423355 6.417487 6.417487 10.788 9.329209 9.329209 9.329209 7.692147 4.489145 7.257205 5.359855 4.854249 7.013593 10.43981 9.112743 10.24222 6.518235 6.328111 3.306188 2.252506 3.006559 2.998268 2.462074 2.279621 2.19962 0.3780662 0 0 0.349973 3.070622 3.08733 2.337387 2.043013
1.884741 2.439719 2.710835 4.404657 4.325896 4.114293 3.622435 3.535911 3.539149 3.535911 3.535911 2.99844 2.850483 1.925857 1.285781 2.128282 2.11996 2.134052 2.625047 2.854157 3.551045 2.414086 2.399529 1.651069 0 1.284901 2.546951 2.924107 2.922091 2.940524 2.956872 6.276605 6.42117 6.42117 8.93396 9.334563 9.334563 9.10815 7.39711 3.419273 4.917101 4.532291 3.958887 8.630134 14.91683 9.571967 6.273695 6.019981 5.862631 3.322739 3.302671 3.302671 3.302671 3.324396 3.686616 4.539847 3.084545 1.862914 0.06508971 0.574169 1.855721 1.869889 2.244605 2.252373
1.861512 2.438885 2.705924 4.398224 3.351684 2.260042 3.699465 6.164453 3.525742 3.522701 3.522583 1.944383 1.577085 1.575642 1.575642 2.55175 2.723764 2.840818 3.023208 2.959459 2.868972 2.868972 2.868972 2.263757 0.3955624 2.201743 2.548862 2.923108 2.938001 2.95903 3.020099 3.671048 3.757043 10.78888 25.85746 21.86088 15.71985 4.492774 8.12562 7.255352 0.9854901 1.069523 0.5912087 5.748196 11.93551 9.314414 6.257906 6.017923 5.751037 3.624903 3.616069 4.345745 4.420341 11.8652 9.271783 4.646926 4.717512 3.361197 0.9227155 0.9666026 0.2691223 0.5220072 2.471488 2.249234
1.473117 2.160842 2.703313 4.009669 2.237707 2.142661 3.551868 7.527105 6.981441 3.521085 3.521085 3.849924 3.995555 4.00403 4.022106 2.920655 2.725327 2.841955 3.025011 2.71265 1.291717 2.086445 3.025209 2.833953 2.657281 2.246187 2.558452 2.939893 2.929271 2.907317 2.979641 2.990123 3.010109 12.22399 9.250375 8.255373 8.492149 3.071929 4.355372 3.552572 3.101645 2.625 0.5341862 2.571196 5.719528 5.134603 4.433711 4.701694 4.628164 3.889279 3.885721 5.250238 5.419885 12.90409 6.156285 1.305321 0.6879593 0.6551107 0.7535694 0.9671572 0.6323174 0.7271656 1.238438 2.345603
0 2.710568 9.037151 3.476949 3.468847 4.853889 5.71569 8.0187 7.844875 3.519881 3.519881 3.785723 3.864728 3.964338 4.137281 8.42047 39.1461 30.68352 10.41751 4.954771 3.114765 2.507179 2.898904 2.690436 2.550071 2.025505 2.212204 2.6689 2.058342 1.09538 0.9918494 1.002818 1.136857 3.489482 34.96476 68.49808 24.84075 3.226239 3.02089 5.404829 3.985481 3.890696 0.8943895 1.705755 3.610992 3.557262 3.678952 4.13073 3.936321 1.905007 1.948066 2.264448 340.3287 159.0692 2.472089 2.025489 0.6877241 0.6883538 0.5191284 0.8949623 0.8846149 0.967712 5.087657 2.956198
0.003620467 0.9881521 18.21447 1.317855 2.983491 4.324475 4.870246 6.400828 6.266583 4.302238 4.309026 3.020236 2.71005 4.284879 5.315917 87.49743 329.6981 298.9547 43.72945 9.682536 1.918894 0.8764476 1.887296 1.750566 0.6639146 0.4065331 0.9951976 1.187384 1.383345 1.597975 1.253465 1.607433 1.684198 5.108294 15.76349 35.44028 9.618266 5.361389 5.366299 5.361389 5.587216 5.594573 5.974354 3.224257 1.181928 0.08372337 2.73964 5.195908 3.183615 8.799668 9.831721 4.500501 25.49053 6.858107 1.389937 1.912714 0.7607588 0.6887487 0.6792458 0.5247643 0.6830187 0.9387076 1.654594 1.28465
0.01793767 0 0.5262876 2.450371 2.900559 2.558589 2.428029 2.049388 2.182815 5.754772 6.284184 3.047208 2.279576 5.069448 7.45793 16.35361 83.74121 61.63802 30.54635 8.557332 1.751494 1.750313 5.875508 2.512551 0.3569672 0.8372785 1.066993 1.206522 2.391068 1.278813 1.177792 6.289471 5.43407 5.89114 6.285273 5.997499 5.359556 5.359556 5.364464 5.360769 5.640463 5.927801 0.9985372 0 4.320997 0.05932024 0.2132514 0.9737506 1.881599 6.873062 5.08002 2.983244 1.84214 0.7000644 0.5744642 1.090969 1.537174 0.6775966 0.6878833 0.6876177 0.6991045 1.181835 0.8647937 0.6726279
0.02219697 0.4601594 1.262879 4.29368 4.501313 2.560056 2.428303 2.050564 2.187979 5.947338 6.287789 5.208434 4.969411 3.371536 2.364946 0.676748 0.08895735 7.010735 5.102696 4.48789 3.007138 1.864602 3.289179 2.661746 1.059343 0.6033543 1.577896 4.04437 3.397038 1.769415 1.592315 2.051412 5.136808 4.053188 3.760285 6.981413 9.523989 9.423502 9.309337 9.162072 9.337245 10.2902 6.197138 3.102736 1.257045 0.9403484 2.804234 0.9265842 1.019891 4.041817 2.942986 1.958464 4.114948 5.518693 0.9715225 1.37301 1.715367 0.7424874 0.6570728 0.6444854 1.006374 1.182513 0.8681614 1.317209
0.4611391 1.002701 1.099434 3.564167 4.677666 1.708801 1.642063 1.737915 2.501398 4.94524 2.294735 4.574419 4.969986 3.776953 3.068057 1.859732 2.110927 5.121688 2.389229 2.020183 1.793683 0.7691766 0.401354 0.855448 1.097984 1.097984 2.741215 3.936797 3.860526 3.636867 2.5514 5.387587 4.218248 3.828127 5.662834 7.095923 8.109804 8.262681 9.115866 12.46072 5.662077 7.663214 2.993633 1.714691 3.134515 5.115296 2.608045 2.98243 8.11573 12.67286 1.943695 2.015705 4.533938 3.362214 2.188033 1.917631 0.6448305 0.819792 2.0773 2.080202 1.196309 1.084281 4.916693 4.669958
0.7170354 0.9366904 0.9358334 2.946807 4.362297 1.164365 1.158794 1.55449 4.245755 4.213497 2.74261 7.280554 8.057502 6.523376 5.634923 2.208116 2.218664 0.8953879 1.123789 1.147231 0.1426454 0.3123358 0.4012167 0.6570145 1.086007 1.097609 1.65565 2.085072 2.336997 3.249321 4.878718 4.670898 4.729688 7.089721 11.69877 6.945973 2.747342 2.747342 4.290338 10.58763 1.124671 1.373387 1.447847 1.664063 5.251627 5.682514 4.336029 2.833155 2.050646 6.132117 3.36546 2.431217 2.187284 1.782607 1.315842 1.181848 0.3956125 0.2480204 2.28495 2.344929 1.05031 0.8535219 0.3372713 0.3272395
0.7204835 0.9372277 0.9363701 1.42313 1.793995 3.63159 3.235153 1.680966 2.872691 2.89743 2.907577 3.627874 3.730496 2.590855 2.010184 1.040678 1.806891 2.318311 2.661806 3.508993 2.659368 2.652239 2.299135 0.8887867 1.006972 1.098238 1.19271 1.268069 1.64895 3.056369 5.147989 1.274585 1.586768 5.463254 6.217978 4.131958 2.748918 2.748918 4.450755 10.87682 7.58709 2.799772 2.052993 2.385597 2.810102 2.794147 10.47866 48.16885 3.58209 3.259255 0.7374792 0.8690017 0.4528322 0.2413703 1.34754 1.387289 1.373667 0.6658169 0.7805862 0.7805862 0.8429307 0.8540114 0.7930205 0.2656724
0.530645 0.936907 0.9360498 1.927309 2.684149 2.851356 3.299754 3.801914 3.482538 3.243437 3.241994 3.183337 3.171345 2.027625 1.325747 1.897791 0.9534817 0.4911719 0.4744329 0.6691613 1.017828 1.220211 1.374864 1.726197 1.231514 0.8514929 1.276464 3.436228 5.005032 1.510802 1.770971 2.374503 2.356774 1.87178 1.864435 3.594952 4.591627 8.38926 4.516705 10.85521 10.8731 10.70154 4.212858 2.778 1.958992 0.9594514 15.13683 7.285075 0.008813891 0 0 0 0 6.692982e-005 0.4011554 0.4075335 0.2858194 0.008140176 0.22133 0.2205524 0.3943616 1.457004 1.691027 1.862559
0.1654679 3.553904 2.100045 1.681102 3.25521 3.234431 3.350296 3.945706 3.735817 2.938647 2.938647 3.681355 3.844698 3.84118 3.84118 2.125421 2.8508 4.095495 3.580627 2.198203 2.156983 2.210353 2.210353 2.212377 1.643625 0.8391126 3.39604 3.814053 4.194031 1.382156 1.392861 2.515026 2.502565 1.500919 1.848142 1.719602 1.330173 1.956404 4.330815 10.55062 9.699697 9.669674 9.901423 12.68141 10.31835 2.608382 10.12287 0.04470129 0 0 0 0 0 0.3562762 0.8626555 0.4300002 0.35213 0.3692524 0.4087741 0.3734147 0.82567 2.047832 2.045959 2.045959
3.099096 4.376217 3.228434 2.482788 2.695365 3.251119 3.399145 3.972242 3.96675 2.937641 2.937641 3.836061 4.044686 4.052865 4.051034 2.250689 2.856259 4.758814 8.843514 2.319262 2.209597 2.209597 2.209597 2.21162 1.152417 0.8388255 4.277511 4.808974 0.7841389 1.38581 0.1791914 2.066637 1.71069 1.823391 2.237125 1.769059 1.422026 1.413037 3.991972 11.01941 10.39097 9.725689 10.1471 13.38077 15.9381 11.66277 16.29688 1.576426 1.015536 0.6428741 0.01670468 0.05212231 0.08386993 1.539112 3.013361 2.53877 0.4861816 0.4866269 0.7732559 1.084834 1.010045 0.9382433 0.6838454 1.783242
3.372344 2.521977 2.122516 1.844412 2.651629 3.426602 3.622283 4.320814 4.076069 2.939326 2.939326 3.974898 4.192033 4.188198 4.188198 2.434506 2.457753 62.62951 162.6827 22.80486 5.461564 4.4105 0.5242645 0.5376559 0.1780042 0.06537165 0.325564 0.5609154 0.6208423 1.404525 0.2544371 1.191401 1.206857 0.9189281 1.950284 1.699133 1.033945 1.032904 2.448512 10.09835 8.859335 8.692689 7.995376 8.995239 29.67587 57.922 24.78082 7.472286 2.502415 2.477286 0.4669118 0.1248695 0.1248695 1.654024 4.099608 2.814983 0.4864604 1.05408 1.883452 1.940711 2.057611 1.176204 0.9400125 2.085033
0.7010788 1.366904 3.490119 2.50571 1.766965 3.929874 4.237726 5.32072 5.292058 3.966576 3.939477 4.762254 4.961642 5.005873 4.793108 2.520075 2.052379 12.17331 13.6413 2.838829 1.873326 0.3285574 0.3286798 0.2934214 0.04401224 0 0 0 2.076077 5.972134 3.377504 0.8812224 0.9555906 1.048026 2.698408 2.106377 1.075909 1.184419 2.229252 4.207663 3.914032 4.666551 6.609002 22.50677 157.4543 202.5984 67.22639 5.042358 1.833016 0.3921507 0.1167303 0.1248268 0.1248268 0.1452408 5.444917 4.313135 0.4862939 0.5197317 1.280885 2.081357 2.081357 2.083264 2.081357 2.081357
3.986792 5.681137 7.323279 6.158512 3.935233 2.393906 2.579153 3.225846 3.258334 3.854517 3.871137 5.489833 5.132808 3.201821 2.278279 1.771734 1.868871 1.260834 0.7789689 1.281943 1.802295 0 0 0 0 0 0 0 7.166573 6.738976 6.035671 1.590255 1.736098 2.078205 3.076092 2.060772 1.078737 1.250681 2.705369 3.235612 3.714755 5.284263 9.491816 17.5381 213.6764 325.5155 229.4072 1.386918 0.4555856 0.1128775 0.1248984 0.1248984 0.1248984 0.05654484 1.282902 2.368865 1.290939 1.229476 1.628907 2.082551 2.082551 2.084458 2.082551 2.082551
3.024318 2.883379 6.357018 7.728933 4.972083 2.188124 1.991153 1.317345 1.307107 0.8500763 0.8500763 5.598419 5.156235 1.802021 0.1187912 0.6192274 0.679437 0.7510511 0.7787022 1.302589 1.782618 0 0 0 0.009460389 0.2196495 0.7875454 6.074197 11.2683 4.276365 3.92956 1.99194 1.751893 1.810319 12.39049 15.15637 2.12258 1.412858 8.882593 4.165101 4.173695 4.549263 4.851964 5.454796 114.3636 739.3178 724.2691 99.62592 2.000008 0.1099214 0.1024617 0.1077085 0.1956875 0.6615627 1.43045 1.288333 1.013541 1.101749 1.13056 1.157092 1.21018 1.232186 2.532417 3.309027
1.313768 1.462267 4.352163 7.033037 6.479086 2.74735 2.738492 2.702255 2.642984 7.853219 8.579741 6.617864 5.159191 2.92346 1.835391 1.068908 0.9941522 0.4623582 0.2535931 0.474508 0.09799559 0.1385661 0.7117713 0.1322986 0.1110896 0.2788397 0.5283309 0.5415767 1.602523 3.619469 3.527103 2.545502 3.504037 1.917817 15.44782 19.91524 6.728516 1.384717 2.413678 4.436685 4.399813 4.326835 2.913599 35.85545 290.984 798.915 916.3986 603.2473 24.88923 1.840812 1.332495 0.356545 0.3924767 0.2972614 0.3271771 0.4212548 0.4212548 0.4216405 0.4212548 0.4212548 0.497106 0.5095101 3.004066 4.420849
2.853003 1.277624 3.798723 5.536645 4.769235 2.809667 2.91675 3.045321 3.048109 11.87595 10.63412 6.208382 5.401083 3.345751 2.676168 7.515037 7.639314 3.731783 1.391867 0.8811396 0.01713596 0.5615206 0.9861405 1.854905 1.874518 1.874518 3.760004 4.977515 4.188994 2.824346 6.116735 23.91733 12.16115 3.562335 7.975959 15.78063 13.91709 1.369701 10.10114 14.08379 7.237115 6.19417 11.0132 19.32729 438.2284 905.2333 573.5339 358.8293 4.733474 0.3506874 0.155258 0.02815452 0.02888076 0.0295034 0.04059184 0.05681323 0.05840775 0.05987982 0.06773318 0.08148474 0.3781797 0.8416871 2.727084 3.748884
0.6679729 2.279096 2.094315 2.076105 2.761792 3.995885 5.198463 4.893265 4.844202 13.55418 10.90487 6.9616 6.229352 8.018981 8.056207 5.951167 7.259511 7.645392 2.393366 1.489391 0.2966161 0.8222983 1.010229 1.864287 1.875593 1.888906 2.7491 3.594749 4.110513 5.33323 10.30992 20.51717 4.461203 9.731795 9.446822 5.896992 1.297532 1.998805 23.78204 46.57497 19.39751 36.3187 40.46403 17.89259 80.22353 7.577446 6.526604 7.580738 21.99008 9.913654 1.148195 0 0 0 0.1765426 0.3229908 0.071542 0 0 0 1.45671 1.635959 2.883241 3.126903
