Datasets/ASCII/slope.asc
ncols         220
nrows         174
xllcorner     -88.683333333822
yllcorner     37.641666667611
cellsize      0.008333333333
NODATA_value  -9999
[rows 130 to 155 of 174, columns 60 to 119 of 220]
0.1819285 0.08368054 0.1331715 0.1597005 0.1624659 0.1538816 0.1812691 0.2266838 0.2018766 0.07515043 0.09398593 0.05073695 0.03021075 0.05020156 0.07121057 0.2155705 0.2779573 0.2730475 0.2241114 0.1165987 0.05184974 0.09688901 0.2699655 0.3353803 0.2185036 0.1249395 0.1155953 0.1762681 0.1454474 0.1196459 0.09238099 0.03581606 0.0726296 0.1407892 0.1945356 0.2165298 0.2796589 0.382278 0.4583944 0.4796694 0.4236451 0.4923384 0.4892963 0.3854944 0.1887465 0.1422762 0.2036626 0.3139995 0.383551 0.4629102 0.387007 0.2569786 0.1714728 0.3590995 0.3707967 0.2731873 0.2152662 0.3451261 0.4557151 0.4925451
0.1674187 0.1343531 0.2049203 0.1877166 0.162107 0.1697708 0.1941368 0.1358511 0.09990799 0.07674771 0.05879835 0.03962116 0.02747772 0.05104437 0.133253 0.4477423 0.4897904 0.4934474 0.5071483 0.2588109 0.1039891 0.1447191 0.3302242 0.4722273 0.2912647 0.2194826 0.2169766 0.2021313 0.1803298 0.1265695 0.07588216 0.0453235 0.1547111 0.3114704 0.4371932 0.503361 0.4799487 0.6193236 0.7483712 0.7625826 0.5813491 0.6465984 0.5921901 0.446708 0.2517634 0.1776627 0.1340378 0.1615248 0.253965 0.2894624 0.1891331 0.1347747 0.1739375 0.3214466 0.4037549 0.3469801 0.2896927 0.3650471 0.4497376 0.4095045
0.1552537 0.1193898 0.1785382 0.1253277 0.09543149 0.1117516 0.09690245 0.08405946 0.05765698 0.04636836 0.05878077 0.02665847 0.02128899 0.08804043 0.2618451 0.6114646 0.4372824 0.4774848 0.6537563 0.3703752 0.1327005 0.1211716 0.3003844 0.5633208 0.3787345 0.2139792 0.1800218 0.2607549 0.293254 0.2280375 0.1390343 0.1220585 0.3020199 0.4187049 0.4581799 0.4599493 0.4974246 0.5328069 0.5804706 0.4968298 0.2920855 0.5789932 0.5940741 0.4540794 0.2499277 0.1272439 0.1326961 0.1697517 0.1897196 0.1549737 0.150715 0.1191219 0.1955738 0.360937 0.4092705 0.362409 0.3350437 0.3487243 0.3951825 0.3643938
0.3474865 0.2530305 0.2918515 0.2622159 0.1718203 0.07969379 0.04844899 0.07958044 0.0717023 0.06296904 0.06916672 0.0313623 0.02666095 0.1093917 0.3060102 0.6321069 0.3676131 0.4763381 0.6505834 0.3621502 0.1267655 0.07715821 0.1807166 0.3804987 0.4894329 0.3658691 0.2424026 0.2192202 0.289549 0.3383937 0.2758663 0.2131614 0.3065795 0.343316 0.3078114 0.1931778 0.04534879 0.1831756 0.4222326 0.5254154 0.4971668 0.5822382 0.5983689 0.484813 0.3035805 0.1445609 0.1652186 0.2549845 0.4030124 0.5639032 0.6952376 0.6751768 0.560982 0.4355907 0.3172163 0.2490549 0.2493733 0.2889192 0.3279394 0.3691243
0.4517325 0.3522347 0.3782168 0.474221 0.409829 0.2289489 0.03958379 0.07441373 0.0700177 0.06263758 0.05409185 0.02466849 0.0331277 0.08641553 0.2329995 0.4980534 0.4924663 0.5293269 0.4541466 0.1883091 0.05922624 0.0481923 0.08482959 0.1786731 0.3636133 0.4975578 0.4189235 0.2516654 0.1462952 0.2359957 0.276253 0.2455593 0.1868898 0.2939638 0.3250152 0.3241377 0.3312539 0.4481913 0.5111203 0.5595604 0.5761774 0.5590335 0.5491075 0.4590771 0.3359352 0.2399549 0.3183766 0.3201796 0.4288913 0.6419592 0.8172424 0.8724969 0.8015868 0.6859431 0.5802765 0.4774325 0.3608404 0.2633678 0.2017108 0.2334581
0.5786017 0.5034761 0.4859724 0.6067555 0.6397883 0.3950403 0.06156767 0.06715038 0.04796074 0.04458813 0.04237792 0.02655831 0.02992072 0.04613863 0.1136989 0.2409292 0.3077388 0.2430398 0.1654391 0.1334786 0.1969627 0.120958 0.07542651 0.08711859 0.1811659 0.4575069 0.5269124 0.3638285 0.08561774 0.1059118 0.174108 0.22417 0.2279377 0.2116054 0.2338673 0.3350134 0.4254842 0.4403935 0.4619333 0.460782 0.4405849 0.4113777 0.4139583 0.3576404 0.2977661 0.3063318 0.5114478 0.464946 0.4573734 0.4747639 0.4725615 0.3102269 0.3610084 0.4203843 0.4240577 0.3715275 0.3316388 0.2976714 0.2636307 0.2330198
0.6260458 0.6110971 0.5881392 0.7407427 0.8348965 0.493677 0.1078191 0.06357719 0.02547749 0.03742621 0.04977056 0.0445369 0.0357916 0.03978722 0.04840599 0.06204624 0.07882968 0.1006825 0.0931409 0.08293965 0.09687815 0.1067455 0.08742256 0.06155261 0.08578237 0.3355546 0.5858373 0.50175 0.2362705 0.1954395 0.167419 0.174452 0.1899752 0.1688426 0.1961957 0.3101788 0.3450735 0.2533066 0.2458972 0.2729266 0.2848936 0.2824375 0.2911695 0.2303662 0.2220813 0.3232942 0.564227 0.5411738 0.5676562 0.6632679 0.7872388 0.6923939 0.513937 0.3562463 0.2760608 0.3372801 0.3839824 0.4046267 0.399758 0.3670748
0.4135097 0.4206387 0.5597299 0.9576384 0.9981918 0.455292 0.05622705 0.03671025 0.03683986 0.03249598 0.03416276 0.03597402 0.03420271 0.04907895 0.04338938 0.02947323 0.019968 0.07200876 0.0878066 0.08321645 0.06817652 0.02394955 0.04263492 0.05271954 0.09783883 0.2839524 0.6584353 0.6295105 0.4189367 0.2847441 0.2856548 0.2189315 0.1423477 0.1265156 0.3411354 0.3222671 0.2120223 0.1000888 0.09272125 0.1123709 0.1332809 0.1417508 0.1315602 0.09336168 0.1083379 0.210352 0.4001035 0.5708962 0.6933472 0.810038 0.9074554 0.9131558 0.8710631 0.7518253 0.5957827 0.4678699 0.3985133 0.4529361 0.4504039 0.3942882
0.4219012 0.2833337 0.4814371 1.049012 1.098328 0.4406413 0.1091357 0.101307 0.0694607 0.04685278 0.02673966 0.02030032 0.0292889 0.03386663 0.03296593 0.02865657 0.03141938 0.05495594 0.09076171 0.08311364 0.05112965 0.02380937 0.0356954 0.03922773 0.115534 0.3289341 0.6981483 0.6684433 0.446153 0.2250318 0.3242738 0.3452498 0.3186267 0.3043147 0.3971254 0.3592069 0.2149971 0.08161923 0.04844231 0.03177771 0.03996077 0.04004755 0.02530762 0.02177896 0.04266368 0.06906395 0.1094063 0.1768429 0.2185802 0.2818004 0.3563479 0.4566923 0.6270087 0.6567193 0.5651389 0.3922294 0.2339418 0.4567205 0.4572959 0.3753609
0.6224706 0.6689565 0.7717534 0.9056429 0.9511402 0.3739423 0.1211163 0.07304171 0.06031296 0.0696155 0.05191692 0.04504814 0.05494196 0.04435302 0.03513437 0.04524872 0.05890165 0.07240975 0.1424416 0.1081848 0.05377455 0.04888218 0.02084133 0.01816543 0.1519787 0.4136313 0.6620151 0.5832965 0.4211352 0.2920854 0.3951236 0.4836129 0.5205797 0.5118245 0.4755061 0.3550662 0.1959364 0.09383525 0.06389049 0.0449666 0.0181649 0.01311586 0.01577257 0.01288404 0.0546933 0.05935858 0.06342776 0.07639366 0.06416858 0.09615407 0.137742 0.2075903 0.3418302 0.4716401 0.5426541 0.4439082 0.09850143 0.5242938 0.4137625 0.2986362
0.3879351 0.4583524 0.4842153 0.5079996 0.5491506 0.3939967 0.250524 0.1348104 0.05868543 0.0690989 0.06237626 0.05854327 0.06916664 0.09531537 0.06452344 0.06785225 0.07307945 0.04821883 0.09997167 0.07073162 0.05133941 0.06084769 0.0438709 0.02762457 0.2002743 0.4436116 0.5589961 0.4092319 0.375799 0.4150892 0.4940731 0.5670758 0.5651011 0.4623075 0.2913086 0.2038303 0.1887051 0.1905778 0.1928462 0.1726274 0.08106918 0.03320068 0.0220703 0.03113175 0.05782029 0.05710575 0.05770648 0.07516707 0.03536099 0.06246524 0.08701243 0.123855 0.2046383 0.4078893 0.6135772 0.6037406 0.3334761 0.552738 0.4599975 0.3911026
0.2133702 0.2160655 0.1735967 0.1650189 0.2389349 0.4000574 0.4588866 0.3859806 0.224356 0.04383077 0.04373213 0.04099827 0.04977985 0.08323471 0.1055401 0.08742148 0.05633017 0.03554376 0.06977466 0.05199239 0.05459178 0.06331839 0.04822951 0.07787491 0.2155947 0.3697672 0.4335105 0.3127448 0.2909951 0.3517475 0.4490103 0.5234107 0.4183292 0.2507884 0.09607465 0.06877354 0.1127017 0.1520182 0.2002343 0.2399306 0.15791 0.1012637 0.06696755 0.05516427 0.04506747 0.06994834 0.05949761 0.04069679 0.0946117 0.09037299 0.05254982 0.06553679 0.1614004 0.325041 0.573521 0.7009252 0.6319193 0.4508481 0.6628935 0.6053203
0.1799835 0.1843901 0.1289622 0.06317828 0.05031049 0.1881015 0.3572121 0.4631901 0.3706588 0.07884455 0.05064102 0.03764893 0.04083868 0.05785707 0.09037269 0.07914285 0.07082701 0.07209308 0.09069268 0.03870301 0.03628438 0.0557143 0.076954 0.1173164 0.1572634 0.236326 0.3209991 0.3235241 0.3158681 0.3779843 0.4508775 0.4372422 0.2374816 0.1136414 0.04719944 0.03650088 0.05246297 0.05137646 0.1028445 0.1773219 0.164581 0.1663354 0.1496805 0.1192695 0.08875109 0.0586511 0.07862993 0.09604198 0.08452961 0.1266391 0.1045299 0.09519326 0.122143 0.1820695 0.4444643 0.6624058 0.7425661 0.6058717 0.7860219 0.622642
0.1343463 0.1364868 0.1420546 0.1838231 0.2640803 0.3723628 0.4647403 0.4955733 0.3547017 0.09614101 0.04038095 0.04641652 0.05897809 0.07289333 0.07949638 0.04424108 0.04051605 0.07720564 0.1300909 0.05793653 0.04071197 0.05791868 0.0903666 0.1153701 0.1076171 0.1377643 0.2014629 0.2707762 0.3116668 0.3475724 0.3272114 0.2150738 0.05917796 0.04117939 0.03684498 0.02601895 0.03357656 0.03928183 0.05180411 0.07657801 0.09794013 0.1397326 0.1687799 0.171715 0.1473982 0.1305349 0.1511908 0.1941713 0.2384868 0.2468324 0.1682908 0.08901094 0.05279413 0.0847192 0.2814657 0.4932466 0.6355313 0.6765625 0.6351209 0.4412824
0.07144213 0.1054793 0.1858734 0.245626 0.2786683 0.2970364 0.3276516 0.3008764 0.1937124 0.07626073 0.0712462 0.04813319 0.07905598 0.09230389 0.07848004 0.09679573 0.07429383 0.08814625 0.1233671 0.0698217 0.04187365 0.04825161 0.06890193 0.07966478 0.07210976 0.08317777 0.1080192 0.1457039 0.1903224 0.1889739 0.1489688 0.08514543 0.03703611 0.06488976 0.06074884 0.03785738 0.02293594 0.02697442 0.0272857 0.0347597 0.05056553 0.05518337 0.09277881 0.1202675 0.1290323 0.121843 0.1359184 0.1433005 0.1464137 0.122922 0.1404988 0.1244303 0.1032065 0.09820283 0.1213099 0.2263705 0.2948611 0.2991526 0.2385662 0.1677481
0.04399104 0.1144513 0.174101 0.1454083 0.1102236 0.1005086 0.1357561 0.1368595 0.09911602 0.07855585 0.1035697 0.05978386 0.09977953 0.09869551 0.05395642 0.09971093 0.09439487 0.08862608 0.08102062 0.05337776 0.03096425 0.03475396 0.04581577 0.04928518 0.03269588 0.04211975 0.0519844 0.06641373 0.1057907 0.1137976 0.09333126 0.06975801 0.06039815 0.09347434 0.09226514 0.06672397 0.03154441 0.02497086 0.03872464 0.05011894 0.05290998 0.03491474 0.03480104 0.04843547 0.05012448 0.02859542 0.06474086 0.0498392 0.08471347 0.1913507 0.1862095 0.09600869 0.07456753 0.08367402 0.03635394 0.0674248 0.06588896 0.04761065 0.03058478 0.04746608
0.08031674 0.1302451 0.1220723 0.0606023 0.05969804 0.07841891 0.09884141 0.1027601 0.08935083 0.08911005 0.1029778 0.09917955 0.09905398 0.1009162 0.08314975 0.03429294 0.05760585 0.06097872 0.055698 0.05270083 0.03587593 0.03403398 0.04691123 0.06161788 0.05667762 0.06464226 0.06462225 0.06983585 0.09645083 0.1376282 0.1039965 0.07504153 0.09049861 0.1359667 0.09273238 0.07205889 0.06450415 0.03315352 0.04832168 0.04916852 0.04847226 0.05281162 0.03479563 0.04431966 0.05178626 0.04803745 0.06521925 0.1318618 0.2021644 0.23634 0.1550828 0.1468048 0.1151603 0.09083374 0.07337602 0.0695469 0.06295957 0.05254015 0.0483808 0.06698304
0.08420292 0.09769627 0.115023 0.05841618 0.04752025 0.05464995 0.06325813 0.05604325 0.06036387 0.08782586 0.1113485 0.1086465 0.08615734 0.08946779 0.09157346 0.07464567 0.05069734 0.06760092 0.0886199 0.09645988 0.07821386 0.04491317 0.04841092 0.06685458 0.07630448 0.06581087 0.06322902 0.06938615 0.09592173 0.1845718 0.1429418 0.08260036 0.06579838 0.158492 0.08202336 0.05881177 0.05466763 0.03287041 0.03625889 0.02673358 0.03142896 0.0512675 0.05260449 0.05813939 0.06430699 0.06972804 0.07430505 0.1448704 0.1517109 0.1525318 0.1770705 0.1277221 0.1131602 0.1005913 0.08828195 0.076559 0.07838334 0.08795956 0.09567654 0.09837689
0.04361394 0.05468502 0.1017117 0.1185009 0.1233949 0.1049384 0.07230661 0.03552459 0.07272434 0.09847839 0.09425023 0.0629643 0.07812981 0.07972547 0.08887385 0.09470842 0.07491437 0.06618603 0.035885 0.02595562 0.05728506 0.04669382 0.03590752 0.04922733 0.07431605 0.05265682 0.05185285 0.05487407 0.08236589 0.1750291 0.1498522 0.08381679 0.05167161 0.1054463 0.07608698 0.05531995 0.04166434 0.02867004 0.0177068 0.0188803 0.02562551 0.03904774 0.05126822 0.04093521 0.04410216 0.04097862 0.03110858 0.08764271 0.09966491 0.09725359 0.1118632 0.1011238 0.09325425 0.08786749 0.07283979 0.04144664 0.04161659 0.07568146 0.1113851 0.1223259
0.03767264 0.07378647 0.1053082 0.1209222 0.1685843 0.1340244 0.07502006 0.03343358 0.08352251 0.09393717 0.0716536 0.04309961 0.07463049 0.06842835 0.07433289 0.09397745 0.1091744 0.1489905 0.1706222 0.1368553 0.07286456 0.05465819 0.07514944 0.09425617 0.0975332 0.0589808 0.07921246 0.07632571 0.07385887 0.09525608 0.143806 0.112669 0.06653922 0.03945224 0.04820044 0.0594498 0.06222676 0.04851709 0.01092407 0.01666888 0.03221945 0.03751082 0.02966249 0.01751084 0.04505554 0.05744691 0.04817923 0.04004881 0.1930685 0.3173923 0.3891772 0.3942956 0.1819047 0.0957792 0.06632116 0.05019518 0.05770434 0.09533277 0.1333346 0.1442181
0.02834 0.05734346 0.1398262 0.2552111 0.2527648 0.1518991 0.07594361 0.0486181 0.07850756 0.06463987 0.04754099 0.04460513 0.0671807 0.0630668 0.04075126 0.05275637 0.1097081 0.128063 0.1466054 0.1556694 0.147494 0.1202112 0.1237939 0.1215344 0.1133533 0.09762857 0.1185504 0.09576166 0.07081878 0.06341161 0.1205872 0.1062658 0.0596864 0.02064148 0.03465853 0.04322939 0.06685621 0.07063028 0.0391147 0.01629627 0.03665933 0.03923671 0.01965437 0.02223058 0.06611691 0.07810851 0.07196192 0.08958681 0.4306179 0.5844501 0.6580485 0.6778138 0.4399877 0.180629 0.08855966 0.1175305 0.133225 0.1391795 0.1683384 0.176434
0.03236778 0.08822609 0.1684739 0.220349 0.1590738 0.1245425 0.09846097 0.08400904 0.08053185 0.04455905 0.02271735 0.03132132 0.06734589 0.08648279 0.0748564 0.07329182 0.07043087 0.02439218 0.07566492 0.1529181 0.2009705 0.1881523 0.1140295 0.09379286 0.1097188 0.1448569 0.1715149 0.1416375 0.133308 0.1419934 0.1348913 0.1422353 0.1055117 0.05700655 0.02392776 0.01944073 0.05106437 0.06773869 0.05994502 0.04580653 0.04170633 0.03157348 0.01991059 0.0202903 0.05727649 0.08852752 0.1089113 0.1523892 0.5216922 0.6611411 0.6763939 0.6566615 0.6739206 0.2948919 0.1625779 0.1731363 0.1713678 0.1335851 0.1689655 0.204226
0.04183346 0.06956808 0.1439255 0.2081035 0.1945688 0.06894034 0.05680699 0.07189386 0.07491727 0.0440847 0.02319747 0.04544101 0.09173995 0.1306597 0.1243019 0.08903914 0.04597041 0.01615658 0.0669998 0.1436312 0.1947574 0.1896212 0.0966216 0.08915961 0.09965177 0.1331762 0.1892466 0.1670284 0.1181332 0.0877726 0.08519962 0.08360413 0.06098787 0.04527621 0.04378308 0.04399445 0.03342235 0.03672977 0.05096428 0.07309384 0.05850969 0.03335878 0.02625852 0.04269562 0.07030278 0.1528075 0.3268016 0.559344 0.7732833 0.664085 0.5522258 0.5425124 0.6759797 0.318867 0.1820837 0.1491504 0.1333987 0.07259827 0.1041159 0.1763141
0.06964288 0.05727495 0.07202049 0.1426578 0.2141995 0.08940517 0.05898774 0.06674536 0.07854047 0.0621406 0.04977097 0.07751001 0.09549366 0.0680201 0.08920471 0.08092629 0.05641125 0.03981825 0.08218139 0.1291745 0.1572719 0.1587607 0.1250087 0.09301618 0.07107635 0.1004806 0.1875913 0.2160753 0.1211611 0.04621337 0.02906435 0.0240445 0.03638114 0.0526528 0.05601352 0.04083887 0.06029607 0.08173729 0.08823033 0.07824356 0.05378797 0.05546933 0.09295497 0.164573 0.2470845 0.3238412 0.4898672 0.6357216 0.5888142 0.2623739 0.3764002 0.5005007 0.4837509 0.1887706 0.1244734 0.08963504 0.06229368 0.03102194 0.03566142 0.09136688
0.08289181 0.05296254 0.06691646 0.1346742 0.1831973 0.08056659 0.1207892 0.133343 0.1212604 0.08908962 0.07598016 0.1082195 0.1161031 0.08635291 0.05777816 0.0531918 0.05455644 0.06105157 0.0760463 0.1261809 0.1574181 0.1797183 0.1921266 0.1548267 0.1067797 0.09621689 0.1507849 0.2593322 0.2168706 0.1260491 0.0547122 0.04791324 0.03351268 0.06262607 0.1047861 0.1302091 0.1457075 0.1557394 0.1483979 0.1214163 0.08402714 0.09015307 0.2169052 0.3703111 0.4913923 0.4008275 0.3416817 0.4206299 0.5680351 0.3788202 0.4924383 0.4418985 0.2797014 0.1709882 0.1966459 0.1495371 0.09646085 0.08792899 0.09034652 0.1353946
0.1050077 0.06470411 0.07395285 0.1127438 0.1320419 0.09091162 0.124524 0.1356699 0.1097081 0.06357297 0.05554501 0.07965439 0.1008749 0.1107653 0.1268149 0.07919362 0.04066747 0.03280114 0.06224186 0.09567241 0.08610559 0.08356994 0.1058916 0.1550754 0.1735255 0.1629804 0.1619162 0.2209563 0.2002247 0.1378729 0.1225388 0.1738773 0.1725144 0.1385511 0.161027 0.1880016 0.1458135 0.1169041 0.1128971 0.1300263 0.1551414 0.104883 0.3467128 0.5304926 0.523972 0.3138746 0.1364529 0.1896173 0.3778861 0.4119784 0.428891 0.3029814 0.2305489 0.3337681 0.3423519 0.3276711 0.2873285 0.2416017 0.2112558 0.2227814
