Datasets/ASCII/slope.asc
ncols         220
nrows         174
xllcorner     -88.683333333822
yllcorner     37.641666667611
cellsize      0.008333333333
NODATA_value  -9999
[rows 78 to 103 of 174, columns 0 to 59 of 220]
-9999 0.4719739 0.4500826 0.3839214 0.284234 0.214917 0.3510959 0.3435546 0.182584 0.1780038 0.1488777 0.1115344 0.07903807 0.07084092 0.1084703 0.1089977 0.09033501 0.066749 0.0688853 0.04248374 0.0794572 0.2083964 0.2143148 0.2389098 0.2477229 0.2374243 0.2778781 0.1079323 0.09248757 0.1879396 0.2434882 0.2085523 0.214727 0.2559736 0.3043968 0.1411447 0.1339719 0.1776546 0.2099432 0.2016678 0.2718795 0.3374028 0.3406614 0.2243379 0.2033634 0.2160262 0.2679075 0.3253757 0.276072 0.1760811 0.1017129 0.1070409 0.1479806 0.2218884 0.3114133 0.3748547 0.2616223 0.2114503 0.220406 0.2087161
-9999 0.3164733 0.4073536 0.4708478 0.4328307 0.1787085 0.2719682 0.2754108 0.20064 0.1876748 0.1493087 0.1272848 0.1089346 0.09225746 0.110883 0.07903005 0.04892645 0.03823359 0.05422656 0.05358771 0.07631002 0.1171904 0.1020796 0.08174442 0.1656722 0.2702118 0.2833194 0.0997044 0.08609755 0.1778124 0.2881762 0.2586023 0.2137418 0.1957162 0.2012782 0.1446589 0.1864783 0.2831153 0.3699651 0.3549876 0.3379817 0.284589 0.2054852 0.08840238 0.1567048 0.1764562 0.2134093 0.3079135 0.3472532 0.2560392 0.16416 0.126583 0.1263558 0.1093613 0.1435296 0.2283399 0.3262117 0.2736273 0.2099004 0.1683311
0.1713512 0.1844014 0.2799181 0.4102575 0.4711523 0.3548397 0.2126251 0.1494061 0.1531356 0.1945843 0.1565752 0.1275527 0.1061996 0.09425171 0.1090821 0.06944002 0.07125792 0.09997723 0.09740111 0.1536845 0.1411772 0.1248403 0.1582783 0.07256796 0.1504971 0.2361336 0.2135978 0.1481725 0.1018987 0.1730422 0.3215497 0.3332441 0.2981803 0.2698532 0.2608459 0.2776545 0.2271986 0.2998506 0.4062047 0.4417549 0.4433362 0.3759402 0.2888008 0.2340328 0.3172387 0.3474239 0.3522775 0.3628387 0.3933453 0.3434185 0.2930652 0.262775 0.2437805 0.1232147 0.066933 0.06940761 0.1203786 0.1831557 0.111728 0.09282475
0.2030011 0.2064556 0.1832602 0.2334788 0.2900863 0.2971314 0.2682212 0.2551346 0.2144623 0.1614898 0.1547636 0.1168013 0.07285146 0.05516531 0.1036171 0.08976771 0.1210834 0.1345081 0.07845461 0.2369779 0.1998029 0.163395 0.2112435 0.1807328 0.1452716 0.1407451 0.1677072 0.2390159 0.2451319 0.2081806 0.2157995 0.3187316 0.3677863 0.3893578 0.378686 0.3223597 0.2263889 0.2968603 0.4261666 0.5084161 0.387323 0.4156599 0.4371234 0.4256536 0.4118045 0.4443951 0.4210761 0.3545918 0.2890435 0.2472303 0.2787262 0.3254671 0.3470583 0.206212 0.1521332 0.1213333 0.09501915 0.169991 0.1048099 0.1135604
0.2392079 0.267758 0.2599615 0.2159452 0.1720724 0.1802347 0.365053 0.413888 0.3238891 0.2075019 0.2138363 0.1447658 0.08740563 0.07537372 0.1280854 0.1133523 0.1692451 0.1739047 0.1270916 0.3019337 0.2322289 0.1961045 0.2334183 0.266368 0.2596833 0.217615 0.1836972 0.1993429 0.3112003 0.191116 0.09307482 0.1873662 0.2615635 0.2844895 0.2676658 0.2327157 0.2380591 0.2620338 0.3422612 0.3966667 0.2430658 0.1860116 0.2114774 0.2463543 0.2227012 0.4463665 0.4695969 0.3712969 0.2205735 0.1437364 0.1982125 0.2740958 0.3066559 0.1988883 0.1835544 0.1626744 0.1235727 0.08002041 0.0920464 0.109449
0.222613 0.2197192 0.2219723 0.1988461 0.2084125 0.2644327 0.3904075 0.3618688 0.2270664 0.1570813 0.2312322 0.1482005 0.1066339 0.116247 0.1567097 0.1197288 0.1906405 0.2034237 0.1968846 0.3337791 0.2267924 0.1857243 0.2060158 0.252924 0.2563328 0.2263977 0.2085254 0.2297457 0.2936934 0.1997584 0.1736422 0.2648863 0.3153034 0.2905203 0.2360272 0.1665517 0.1235422 0.1088183 0.2034753 0.2929341 0.223338 0.2345172 0.3331305 0.3760709 0.3150613 0.3823745 0.46931 0.4385733 0.3028401 0.201125 0.2308921 0.2267821 0.1695633 0.0676721 0.09593388 0.09361163 0.06147726 0.01998254 0.07845433 0.07052203
0.1453696 0.1564337 0.2008168 0.1533458 0.1891155 0.2346959 0.2573291 0.2465814 0.1572182 0.1372962 0.1844718 0.09200926 0.0978081 0.1373803 0.1674199 0.1216926 0.1875462 0.2008175 0.2184381 0.3009014 0.1990923 0.1637002 0.1709898 0.1971418 0.2526475 0.2492591 0.2306456 0.234705 0.3100619 0.2718979 0.3080359 0.3884266 0.4098777 0.3836625 0.3876411 0.3336282 0.1842628 0.2488323 0.3102319 0.3317345 0.2795022 0.2434316 0.3288209 0.4052357 0.3812015 0.1728304 0.3974795 0.4550055 0.3532064 0.1955099 0.2430412 0.22759 0.1836555 0.1589697 0.1705232 0.1592586 0.1407226 0.1135234 0.09048761 0.07613051
0.1408086 0.163665 0.2047888 0.1416592 0.2189572 0.2615124 0.2391774 0.198945 0.135509 0.133979 0.163941 0.1437124 0.1820903 0.2043685 0.1951072 0.1436472 0.1760411 0.172621 0.1874482 0.2248078 0.169231 0.1266233 0.1635164 0.2478754 0.3069539 0.1980984 0.1855316 0.2267165 0.2616986 0.2608949 0.3322143 0.3778707 0.335236 0.3046078 0.3943535 0.3507225 0.1608963 0.2104988 0.2568748 0.3888362 0.5637193 0.5277734 0.4490513 0.4617655 0.4674415 0.3358394 0.4089718 0.3977105 0.2967381 0.1588547 0.2542912 0.3438925 0.3715403 0.3186795 0.2197028 0.1436158 0.108114 0.09961767 0.08549502 0.0663039
0.3727391 0.3700931 0.3294961 0.3123247 0.328996 0.268723 0.1756004 0.1342577 0.1378447 0.1561069 0.1682109 0.1620993 0.212752 0.2089212 0.1851484 0.1568459 0.1641444 0.1394862 0.1535105 0.1762317 0.1283205 0.05131088 0.1372087 0.2727695 0.2833172 0.2081071 0.1923892 0.1981785 0.2045168 0.300047 0.3594633 0.3507251 0.2796102 0.2391447 0.397505 0.3686365 0.2151901 0.1964188 0.2462398 0.1774359 0.1157418 0.2141228 0.3013851 0.3882958 0.4764795 0.5250103 0.4015618 0.2941248 0.1769498 0.06009341 0.06778203 0.17262 0.307416 0.388367 0.3072838 0.1891138 0.1181129 0.07710659 0.04967774 0.04420052
0.4271416 0.367491 0.3433157 0.4055566 0.3548371 0.2698702 0.1747797 0.09622521 0.06297673 0.1230515 0.1414629 0.1243593 0.208454 0.1384526 0.1312764 0.1611751 0.1595215 0.1208985 0.1466096 0.1517647 0.0584423 0.03101948 0.08643538 0.1942627 0.3011957 0.2593835 0.2427233 0.246552 0.2776322 0.382628 0.3527592 0.28534 0.2172363 0.1988289 0.4046036 0.4288566 0.3780473 0.3766801 0.5451515 0.6430757 0.5970464 0.4435452 0.351333 0.2463133 0.3083077 0.4472496 0.3814009 0.2239809 0.1381519 0.125066 0.1699941 0.2103117 0.30632 0.3390169 0.2254928 0.1039636 0.1025397 0.09066512 0.04233338 0.03608679
0.350957 0.3758317 0.4059254 0.3757351 0.2841458 0.2326346 0.2086437 0.1986106 0.1747983 0.244522 0.2288417 0.1956469 0.2788169 0.1641519 0.1319183 0.1574423 0.182296 0.1529572 0.1684435 0.1378203 0.04038963 0.06956504 0.08959552 0.08582208 0.09741277 0.1728369 0.2018974 0.2364506 0.2817619 0.3417849 0.2683933 0.20359 0.1805893 0.2285696 0.4148507 0.4903703 0.548333 0.5821086 0.3860734 0.4862806 0.4941529 0.4344607 0.4896102 0.3585659 0.2329433 0.2277275 0.356649 0.2932341 0.2063027 0.1798495 0.2376921 0.2959718 0.4034422 0.4096551 0.2715496 0.05139561 0.06052206 0.07271443 0.07091589 0.107966
0.3685393 0.4227864 0.3926581 0.3078147 0.2656865 0.2448272 0.2389796 0.2501999 0.2749858 0.2295384 0.1600845 0.1630867 0.2826078 0.2190543 0.1342327 0.1212907 0.1783762 0.1827978 0.1677729 0.1315801 0.09266679 0.1007106 0.1162327 0.1060355 0.09505936 0.1092764 0.06931771 0.137536 0.217657 0.2524683 0.1844564 0.1391132 0.1880408 0.3211803 0.4667663 0.5322741 0.5797718 0.5351328 0.2046119 0.4554352 0.4835539 0.4178658 0.430356 0.3575076 0.2481098 0.1844674 0.244653 0.3783086 0.3539332 0.3027114 0.2912574 0.3502239 0.5142022 0.6093932 0.5134727 0.1595805 0.07256389 0.08495837 0.1486996 0.240771
0.3768077 0.3614798 0.3111806 0.2719691 0.2816788 0.2388608 0.1371568 0.07200392 0.08380354 0.1040554 0.1523084 0.2052822 0.2559285 0.2089244 0.09038324 0.05529481 0.0895574 0.1115424 0.1002931 0.09128202 0.105283 0.1593646 0.1915587 0.2229723 0.2074768 0.1573747 0.102569 0.1405498 0.1748477 0.1720974 0.1173322 0.1223557 0.2683922 0.474701 0.6073557 0.5651038 0.4408153 0.3093394 0.1937122 0.3866971 0.4691244 0.4520142 0.3774606 0.2688877 0.2385134 0.1743897 0.140337 0.3145057 0.4172719 0.4525521 0.4193157 0.3273761 0.3331208 0.590024 0.6842545 0.3744144 0.158136 0.2169441 0.2716007 0.263515
0.4006916 0.3236626 0.2450554 0.2208659 0.2819965 0.2805923 0.1947481 0.1405026 0.1371304 0.1102327 0.1517267 0.198625 0.2125473 0.1554552 0.04760438 0.01520201 0.02282634 0.03269481 0.02766437 0.02663683 0.04288584 0.07161087 0.03819276 0.09968194 0.1633714 0.1783464 0.1120965 0.1238262 0.1293002 0.1234654 0.1109249 0.170334 0.4090999 0.6411886 0.7264215 0.5031804 0.2413179 0.1247113 0.2262419 0.1743554 0.4418508 0.5126342 0.413048 0.3243144 0.3240902 0.2598782 0.174631 0.1598006 0.2750852 0.4213156 0.5374742 0.5691569 0.348473 0.5394569 0.6587862 0.5220554 0.2232773 0.2670162 0.2301875 0.1587763
0.3631203 0.293998 0.2627509 0.2428566 0.2185174 0.211323 0.1750895 0.1016296 0.04208875 0.05247511 0.1215465 0.1780613 0.1779033 0.1011476 0.04895148 0.03603506 0.03193704 0.02687566 0.03187621 0.04327789 0.05141144 0.05342785 0.03994263 0.02416125 0.06445463 0.1200598 0.1418459 0.1046885 0.105003 0.115607 0.1327469 0.2051552 0.4828536 0.6695026 0.6404157 0.2945499 0.3532568 0.3575671 0.294285 0.2593125 0.3033949 0.4513049 0.5608979 0.5630321 0.5295154 0.4467779 0.3504099 0.261098 0.268967 0.3222154 0.4072016 0.494046 0.5381368 0.5220258 0.4504874 0.3318081 0.1408646 0.1478539 0.1874111 0.214885
-9999 0.2154355 0.1415052 0.1377884 0.2149981 0.3541859 0.4476053 0.3883212 0.2627664 0.1497535 0.166327 0.1780513 0.1472775 0.08703055 0.1085903 0.1035734 0.06763423 0.0283861 0.02781718 0.04208468 0.04803314 0.04751538 0.04711303 0.03583955 0.06368464 0.1183295 0.1780441 0.1806393 0.1872835 0.1689193 0.1548673 0.2322361 0.4732303 0.6079023 0.6042652 0.4848484 0.4260915 0.319617 0.2903066 0.4255812 0.2236985 0.2445249 0.3405602 0.4329728 0.5120991 0.4794797 0.4369145 0.4292459 0.4822711 0.4458111 0.3703216 0.2649803 0.1205353 0.2293242 0.2049756 0.1362357 0.07216483 0.09640667 0.1110371 0.1551739
-9999 0.3127889 0.3530901 0.3529629 0.359109 0.4007125 0.4868253 0.5095243 0.4265251 0.2864054 0.2458878 0.1453474 0.1401029 0.168599 0.1683733 0.1962107 0.1382337 0.07438652 0.06535809 0.05250736 0.0644056 0.08930189 0.1124304 0.07332141 0.07083936 0.1016297 0.1473842 0.168518 0.1652859 0.1294855 0.1178468 0.2054637 0.3711115 0.4949039 0.5565629 0.5280958 0.3180016 0.2602043 0.3549641 0.5001991 0.355276 0.1980327 0.1528744 0.2045921 0.3090155 0.3968542 0.3609717 0.3305697 0.4160382 0.4674536 0.4777025 0.4823151 0.4861703 0.4259953 0.1757033 0.07486357 0.1421157 0.1301174 0.1061116 0.1495721
-9999 0.2348189 0.2295863 0.1944126 0.1882893 0.2059323 0.1947034 0.4721931 0.5080632 0.3759024 0.2446488 0.1202303 0.2057897 0.2832974 0.2198465 0.2950162 0.2084019 0.1263479 0.0995364 0.07612411 0.06974138 0.07409071 0.06737957 0.02887049 0.03898334 0.04032609 0.04931744 0.0753942 0.09388719 0.06384458 0.05893438 0.1190977 0.1860396 0.3028498 0.4342082 0.4999439 0.2909172 0.2078472 0.3194029 0.4696 0.3692055 0.3702878 0.341647 0.2955755 0.2467024 0.2675011 0.2999769 0.2699495 0.2155884 0.2009822 0.180261 0.2311773 0.3568326 0.5113337 0.4368061 0.3472812 0.2525858 0.08546789 0.08792861 0.1555988
-9999 0.09904246 0.1258817 0.1337183 0.1815997 0.2927908 0.4779881 0.5692899 0.4588299 0.2956168 0.1851483 0.1542547 0.3028893 0.3492799 0.2804531 0.4100525 0.3068556 0.2265593 0.1975176 0.1752033 0.07640578 0.04509549 0.03997768 0.02370964 0.01621369 0.02907267 0.045551 0.06274184 0.07968915 0.04708221 0.03764935 0.05896971 0.0710518 0.180079 0.3440266 0.4549556 0.3628209 0.3037299 0.3656678 0.4500781 0.4591177 0.4878727 0.4743033 0.4523439 0.3970629 0.2128012 0.3085139 0.2812043 0.1618735 0.1806191 0.2024382 0.2361774 0.2409648 0.1670901 0.4228957 0.6011721 0.5044589 0.159963 0.07229174 0.080152
-9999 0.2583558 0.2786349 0.2874348 0.3360848 0.416022 0.4930226 0.3851421 0.2354952 0.1517926 0.144664 0.1526221 0.3338862 0.3347979 0.2698006 0.4029275 0.3800098 0.3363612 0.3041458 0.2926567 0.1311675 0.09696721 0.109841 0.1211819 0.09645856 0.07261129 0.06629816 0.0671359 0.05317174 0.04419966 0.04529882 0.05081935 0.05131993 0.09669424 0.2147543 0.3186012 0.3492383 0.3813242 0.4679869 0.486638 0.4222319 0.3109236 0.2697018 0.3354499 0.3883686 0.2297152 0.2581209 0.2395965 0.1675051 0.1099899 0.1914152 0.2326578 0.3078054 0.362849 0.1670907 0.5573567 0.5593009 0.1878994 0.04949754 0.036065
-9999 0.3357849 0.3419776 0.3244479 0.3569026 0.3944615 0.382378 0.2567016 0.1876098 0.1517268 0.1451098 0.1443559 0.3278926 0.3455465 0.2789285 0.2470407 0.2955155 0.352352 0.4202292 0.4491411 0.2612151 0.2120799 0.2175942 0.2299132 0.2285385 0.2087763 0.1198387 0.03646906 0.01453562 0.05907787 0.05795057 0.0557885 0.0584297 0.03174154 0.07097955 0.1219783 0.1620694 0.1754864 0.1753339 0.21959 0.2786375 0.3257657 0.3290347 0.3220817 0.2863766 0.1810621 0.1436649 0.1923965 0.2114954 0.1818389 0.2932629 0.1791518 0.2872408 0.4744813 0.2481258 0.6227198 0.5003391 0.1540934 0.01663079 0.02293968
-9999 0.2330115 0.2470812 0.1932803 0.1584162 0.1691407 0.1987398 0.1551284 0.1762138 0.1810213 0.1807573 0.1926953 0.3203452 0.3990415 0.3853717 0.2879997 0.222292 0.2235178 0.3248249 0.4306261 0.3136976 0.1502811 0.1194927 0.1653586 0.2248285 0.2892595 0.1699502 0.05301306 0.02606216 0.06681139 0.06303886 0.06465204 0.07576306 0.04579922 0.04045135 0.04285087 0.05916795 0.1063858 0.1877579 0.3013712 0.3991344 0.444192 0.3350545 0.2566073 0.2097646 0.175724 0.1334259 0.2069115 0.2320701 0.2435045 0.3495617 0.1844923 0.3536782 0.5122411 0.2691668 0.6879398 0.4363801 0.1197369 0.03702663 0.02360003
-9999 -9999 0.1598175 0.1553128 0.2278647 0.3412423 0.3590154 0.2566908 0.1376547 0.101616 0.1065758 0.1425921 0.229111 0.3238301 0.3965482 0.4330277 0.4282681 0.3689477 0.3072744 0.299574 0.360701 0.1226075 0.1054714 0.1463506 0.1852752 0.2856722 0.192588 0.112125 0.08650316 0.09688117 0.09642596 0.09338436 0.07934158 0.04483948 0.02672662 0.03284083 0.05902978 0.1104398 0.2599134 0.3977332 0.4480481 0.3758335 0.127174 0.1841548 0.2527381 0.2783543 0.2192494 0.3433148 0.3186865 0.2418258 0.1992891 0.151144 0.2891367 0.4367237 0.4841969 0.617052 0.3016641 0.09842078 0.07545359 0.06602534
-9999 -9999 0.2529186 0.2365423 0.06249649 0.2694111 0.3674477 0.2683685 0.1295734 0.08017129 0.05912611 0.0761188 0.1458526 0.191818 0.237172 0.2727426 0.2974251 0.3650247 0.3681082 0.3681941 0.3637813 0.2030492 0.2337491 0.2179255 0.1736785 0.2085813 0.1423624 0.1091548 0.1109715 0.1354315 0.1349334 0.1224728 0.08153203 0.02272913 0.01632238 0.01195866 0.02093844 0.06276941 0.1875649 0.4160587 0.5521037 0.5543641 0.3993374 0.3708285 0.3977485 0.3590787 0.2238373 0.4109083 0.3163816 0.1975637 0.1432765 0.2266792 0.1658719 0.1182608 0.1591617 0.3053345 0.2708753 0.2446928 0.2385869 0.2193023
-9999 -9999 0.2101564 0.1387465 0.1652847 0.3006217 0.2895589 0.189322 0.1121648 0.1019142 0.1176998 0.1892597 0.3175162 0.3638083 0.353986 0.2889769 0.1989279 0.1953374 0.2209579 0.2712457 0.2996354 0.238064 0.2862715 0.2925006 0.2628114 0.2248491 0.1605775 0.1276092 0.1300968 0.1599463 0.1752689 0.1643576 0.1111667 0.03766435 0.03822769 0.01938366 0.01367556 0.02808372 0.07457945 0.2210533 0.3659584 0.4708645 0.5041485 0.4431917 0.5056735 0.4235061 0.2483496 0.4538171 0.2953717 0.2833818 0.3334042 0.1758303 0.3013695 0.4271016 0.4874358 0.4898399 0.4553878 0.4323059 0.4215494 0.4031317
-9999 -9999 0.2464726 0.2016832 0.1873241 0.2572282 0.2675094 0.2290853 0.17253 0.1325658 0.1827642 0.3272523 0.5092365 0.551072 0.5790616 0.5680274 0.5107096 0.4119479 0.3175712 0.2659708 0.2106622 0.1161009 0.1167336 0.1487864 0.1751168 0.1814947 0.1696481 0.1525559 0.1527417 0.1661711 0.1688195 0.1193589 0.08610107 0.06872723 0.06728608 0.03180357 0.02221839 0.02566525 0.04060163 0.09295847 0.1519367 0.1974411 0.2280189 0.2476335 0.437156 0.4600816 0.3946194 0.484264 0.2543905 0.3302335 0.4418101 0.3721695 0.136216 0.1157701 0.2003667 0.2985153 0.3082589 0.3046867 0.3828673 0.499661
