Datasets/ASCII/slope.asc
ncols         220
nrows         174
xllcorner     -88.683333333822
yllcorner     37.641666667611
cellsize      0.008333333333
NODATA_value  -9999
[rows 130 to 155 of 174, columns 0 to 59 of 220]
-9999 -9999 -9999 -9999 -9999 -9999 -9999 -9999 -9999 -9999 -9999 -9999 -9999 -9999 -9999 -9999 0.2151296 0.1399056 0.2279957 0.2306853 0.1858378 0.1340095 0.1549053 0.1362599 0.2163625 0.2740138 0.1623275 0.1163107 0.2623683 0.5330616 0.8365716 0.8993648 0.8276057 0.7150893 0.5695385 0.4461825 0.5815629 0.4719743 0.245707 0.1210659 0.1383335 0.35529 0.6484661 0.8671281 0.4420495 0.5064492 0.5809193 0.5525574 0.514171 0.4450887 0.3393984 0.24447 0.1936743 0.1418445 0.1698402 0.2102259 0.268396 0.3477119 0.2957364 0.2309965
-9999 -9999 -9999 -9999 -9999 -9999 -9999 -9999 -9999 -9999 -9999 -9999 -9999 -9999 -9999 -9999 0.3008536 0.1576353 0.07253817 0.1360365 0.1788319 0.1953327 0.2056546 0.1567376 0.204463 0.2422847 0.1872412 0.0769771 0.09461341 0.2370504 0.4411905 0.5568021 0.4930866 0.4572956 0.4225425 0.3187168 0.4726541 0.3860544 0.2240936 0.1121133 0.1083095 0.4029449 0.6945193 0.8050444 0.4285828 0.4344221 0.4329692 0.4382233 0.52074 0.5753411 0.5872951 0.5546512 0.493579 0.382125 0.2432198 0.2010754 0.2331614 0.281031 0.341947 0.2678088
-9999 -9999 -9999 -9999 -9999 -9999 -9999 -9999 -9999 -9999 -9999 -9999 -9999 -9999 -9999 -9999 -9999 0.1861453 0.0864506 0.09281476 0.101427 0.1313296 0.1790935 0.183436 0.2050085 0.1907339 0.14431 0.09917552 0.05144691 0.1016392 0.2277936 0.3707488 0.4065287 0.4668806 0.4279785 0.2804105 0.3101585 0.3150016 0.2323528 0.1220438 0.1104567 0.4063956 0.5793946 0.6180905 0.524428 0.4814132 0.3529266 0.2196793 0.1526187 0.1863249 0.3057012 0.36192 0.3531375 0.340901 0.3716168 0.409863 0.4438838 0.4456453 0.549747 0.3548917
-9999 -9999 -9999 -9999 -9999 -9999 -9999 -9999 -9999 -9999 -9999 -9999 -9999 -9999 -9999 -9999 -9999 -9999 0.09742249 0.08787123 0.06410567 0.05943295 0.08709875 0.1424999 0.1548824 0.1240618 0.08611834 0.09037028 0.06943806 0.0792328 0.1434698 0.250176 0.2866503 0.3648705 0.3894672 0.3252848 0.2202024 0.3323343 0.2717658 0.1696779 0.198118 0.3933161 0.3679265 0.3471646 0.4197299 0.4986944 0.4915185 0.3979718 0.2428424 0.1512137 0.3117814 0.3562534 0.329944 0.3211533 0.4782016 0.6094343 0.651327 0.6309201 0.7942141 0.5677806
-9999 -9999 -9999 -9999 -9999 -9999 -9999 -9999 -9999 -9999 -9999 -9999 -9999 -9999 -9999 -9999 -9999 -9999 -9999 0.1408777 0.116215 0.0970622 0.0932643 0.1169106 0.08009178 0.06448999 0.06313403 0.07733961 0.0801511 0.05212731 0.07229754 0.1604248 0.293689 0.4611364 0.3990854 0.26853 0.2405479 0.3112133 0.258378 0.2133039 0.2624319 0.3671693 0.2392261 0.2146795 0.3051929 0.2952106 0.336267 0.3885045 0.3966713 0.2636695 0.3848935 0.3980751 0.371968 0.3713397 0.5156209 0.6327762 0.617606 0.5690041 0.7819 0.6223013
-9999 -9999 -9999 -9999 -9999 -9999 -9999 -9999 -9999 -9999 -9999 -9999 -9999 -9999 -9999 -9999 -9999 -9999 -9999 -9999 0.2909448 0.2877795 0.2713262 0.2228309 0.07457529 0.05067894 0.06624126 0.08190712 0.06819095 0.03102148 0.02945043 0.1278918 0.3672394 0.4425279 0.3900665 0.3125424 0.2738565 0.2037755 0.183034 0.1804031 0.2125683 0.2987323 0.2238633 0.2067116 0.269229 0.3636525 0.5210549 0.457987 0.3464988 0.2572576 0.2665173 0.3031149 0.2890307 0.3048671 0.5261953 0.5335792 0.5191977 0.5395349 0.6786723 0.6530039
-9999 -9999 -9999 -9999 -9999 -9999 -9999 -9999 -9999 -9999 -9999 -9999 -9999 -9999 -9999 -9999 -9999 -9999 -9999 -9999 0.4944393 0.5080782 0.5071563 0.4385848 0.1950856 0.08578043 0.06669869 0.07570871 0.05155673 0.03760944 0.05346216 0.1971975 0.4489717 0.3443184 0.1830588 0.1153765 0.1206725 0.08620428 0.1180745 0.1056491 0.1175057 0.2127352 0.2067561 0.1668899 0.2687485 0.5316092 0.6256602 0.3529878 0.1759439 0.159361 0.1768658 0.244157 0.2371407 0.2998534 0.5521741 0.3671087 0.4014387 0.4220725 0.4049951 0.5392085
-9999 -9999 -9999 -9999 -9999 -9999 -9999 -9999 -9999 -9999 -9999 -9999 -9999 -9999 -9999 -9999 -9999 -9999 -9999 -9999 -9999 0.5323898 0.5748253 0.5525715 0.3653938 0.1988959 0.1341665 0.1137688 0.09554339 0.06550048 0.1448781 0.3265908 0.4745449 0.1916864 0.1007499 0.1808649 0.2811483 0.2645073 0.248091 0.1701267 0.1279499 0.1633815 0.1829337 0.2239564 0.319537 0.478117 0.5270819 0.3453493 0.2196904 0.1749981 0.1655413 0.1786336 0.1293443 0.2425862 0.5139831 0.434935 0.4837213 0.4157009 0.2767008 0.3351962
-9999 -9999 -9999 -9999 -9999 -9999 -9999 -9999 -9999 -9999 -9999 -9999 -9999 -9999 -9999 -9999 -9999 -9999 -9999 -9999 -9999 -9999 0.4713117 0.4697284 0.398571 0.2874914 0.2367401 0.2260911 0.2201379 0.1619258 0.2525095 0.281849 0.2841207 0.3213662 0.2927698 0.3470736 0.356604 0.2958113 0.3809027 0.3680623 0.257915 0.1808964 0.3017432 0.4409934 0.3828765 0.2882998 0.3269441 0.4871462 0.4534778 0.3963329 0.3781444 0.2038155 0.2523573 0.3567388 0.5019895 0.6056898 0.6149325 0.5715823 0.520946 0.5071933
-9999 -9999 -9999 -9999 -9999 -9999 -9999 -9999 -9999 -9999 -9999 -9999 -9999 -9999 -9999 -9999 -9999 -9999 -9999 -9999 -9999 -9999 -9999 0.3635003 0.3011622 0.205348 0.1535072 0.1772134 0.183115 0.09970886 0.146414 0.2074323 0.2353312 0.2452438 0.4276615 0.462361 0.3645358 0.2454228 0.3337728 0.4839429 0.3685823 0.2822104 0.4999854 0.4630244 0.34478 0.261208 0.3062406 0.3469574 0.422046 0.5361944 0.6152346 0.5190004 0.55097 0.50251 0.4837661 0.5693677 0.5381038 0.5152711 0.5168357 0.5552243
-9999 -9999 -9999 -9999 -9999 -9999 -9999 -9999 -9999 -9999 -9999 -9999 -9999 -9999 -9999 -9999 -9999 -9999 -9999 -9999 -9999 -9999 -9999 -9999 0.2189193 0.1175554 0.06070181 0.1097715 0.1510896 0.1123001 0.1028285 0.1238318 0.2029346 0.3165439 0.4628069 0.4505583 0.3960755 0.3127563 0.2640669 0.438702 0.3397061 0.2880477 0.389132 0.3207428 0.4023737 0.3703779 0.2542741 0.1911371 0.2537906 0.3163853 0.4149463 0.5461168 0.5346619 0.4387954 0.3675579 0.3546476 0.2901394 0.2785423 0.3034089 0.3442945
-9999 -9999 -9999 -9999 -9999 -9999 -9999 -9999 -9999 -9999 -9999 -9999 -9999 -9999 -9999 -9999 -9999 -9999 -9999 -9999 -9999 -9999 -9999 -9999 -9999 0.1430339 0.129293 0.1056777 0.1176182 0.1580088 0.1709618 0.0868707 0.1594343 0.2915813 0.3761947 0.4683782 0.5253125 0.477973 0.3442004 0.3118454 0.2280381 0.1870006 0.2054967 0.2327371 0.345194 0.2834816 0.2011955 0.2441895 0.2406949 0.2187829 0.2295994 0.2864091 0.3249415 0.2753876 0.2132506 0.1742775 0.1667993 0.1084341 0.1414551 0.1935436
-9999 -9999 -9999 -9999 -9999 -9999 -9999 -9999 -9999 -9999 -9999 -9999 -9999 -9999 -9999 -9999 -9999 -9999 -9999 -9999 -9999 -9999 -9999 -9999 -9999 -9999 0.1642031 0.1554091 0.1431242 0.1430402 0.1698813 0.0881671 0.1385155 0.1818045 0.1832622 0.2743382 0.4156671 0.45621 0.3765 0.2203853 0.1959138 0.1710337 0.1516984 0.1497804 0.1907136 0.127975 0.1256548 0.224327 0.2885498 0.3490886 0.311279 0.2597847 0.3163387 0.1982458 0.1748804 0.1866793 0.2075117 0.1574862 0.2093789 0.2220207
-9999 -9999 -9999 -9999 -9999 -9999 -9999 -9999 -9999 -9999 -9999 -9999 -9999 -9999 -9999 -9999 -9999 -9999 -9999 -9999 -9999 -9999 -9999 -9999 -9999 -9999 -9999 0.1494091 0.1689364 0.1580702 0.1128725 0.0545554 0.08843262 0.1297787 0.1452747 0.1392744 0.2376912 0.3459949 0.3816394 0.2977651 0.200819 0.2085925 0.2211737 0.2138264 0.1864632 0.1291504 0.1592431 0.2508722 0.2886159 0.2931131 0.2920156 0.2926273 0.3083601 0.1596014 0.193748 0.2270969 0.2111892 0.2084908 0.261837 0.2181076
-9999 -9999 -9999 -9999 -9999 -9999 -9999 -9999 -9999 -9999 -9999 -9999 -9999 -9999 -9999 -9999 -9999 -9999 -9999 -9999 -9999 -9999 -9999 -9999 -9999 -9999 -9999 -9999 -9999 0.08213933 0.05363537 0.03927162 0.04460147 0.05250958 0.05699815 0.05319002 0.08591147 0.1984148 0.321892 0.3666459 0.1760984 0.2409029 0.2520199 0.2332452 0.2765954 0.2914274 0.2809905 0.2568923 0.2165284 0.225066 0.2267296 0.223168 0.2075673 0.1364678 0.1902528 0.2266295 0.2209949 0.1925274 0.2130766 0.1326934
-9999 -9999 -9999 -9999 -9999 -9999 -9999 -9999 -9999 -9999 -9999 -9999 -9999 -9999 -9999 -9999 -9999 -9999 -9999 -9999 -9999 -9999 -9999 -9999 -9999 -9999 -9999 -9999 -9999 -9999 0.08144829 0.03748115 0.06925815 0.03930984 0.02218579 0.03629733 0.05654855 0.08470485 0.2003173 0.3094906 0.2301155 0.2607039 0.2105106 0.138242 0.1424924 0.1645239 0.1042597 0.05892662 0.07731209 0.1174908 0.1171748 0.09617532 0.07190889 0.06030857 0.1201367 0.1938294 0.2103307 0.1457212 0.1434842 0.06050789
-9999 -9999 -9999 -9999 -9999 -9999 -9999 -9999 -9999 -9999 -9999 -9999 -9999 -9999 -9999 -9999 -9999 -9999 -9999 -9999 -9999 -9999 -9999 -9999 -9999 -9999 -9999 -9999 -9999 -9999 -9999 0.1017902 0.0958288 0.05934209 0.04574668 0.06602278 0.113623 0.08688138 0.1042867 0.1955242 0.3128278 0.217959 0.2022867 0.1336853 0.02476017 0.06571303 0.08942448 0.07967398 0.04798217 0.03130843 0.03046701 0.04235267 0.04893702 0.04728894 0.05461567 0.1233145 0.146624 0.1085966 0.07950017 0.05200811
-9999 -9999 -9999 -9999 -9999 -9999 -9999 -9999 -9999 -9999 -9999 -9999 -9999 -9999 -9999 -9999 -9999 -9999 -9999 -9999 -9999 -9999 -9999 -9999 -9999 -9999 -9999 -9999 -9999 -9999 -9999 -9999 0.2015369 0.1655973 0.1200121 0.1095666 0.1510374 0.123696 0.1301358 0.156889 0.2120464 0.1708052 0.1769029 0.1192614 0.04267688 0.07738172 0.0629061 0.05925352 0.05175645 0.03646135 0.03147179 0.05333615 0.05476253 0.03912788 0.04497023 0.07987908 0.07459342 0.05448391 0.061979 0.08020683
-9999 -9999 -9999 -9999 -9999 -9999 -9999 -9999 -9999 -9999 -9999 -9999 -9999 -9999 -9999 -9999 -9999 -9999 -9999 -9999 -9999 -9999 -9999 -9999 -9999 -9999 -9999 -9999 -9999 -9999 -9999 -9999 -9999 0.1719683 0.1347952 0.1578734 0.2325211 0.2076467 0.2513641 0.2116259 0.127072 0.1121679 0.09927899 0.08218926 0.06766809 0.06488954 0.03002338 0.03800234 0.05367409 0.0573929 0.04461395 0.04595557 0.03960403 0.03202924 0.0458188 0.07058706 0.05700945 0.06336445 0.1061768 0.07183993
-9999 -9999 -9999 -9999 -9999 -9999 -9999 -9999 -9999 -9999 -9999 -9999 -9999 -9999 -9999 -9999 -9999 -9999 -9999 -9999 -9999 -9999 -9999 -9999 -9999 -9999 -9999 -9999 -9999 -9999 -9999 -9999 -9999 -9999 -9999 0.2620575 0.2901964 0.1877596 0.2661267 0.2402619 0.1524366 0.05151425 0.0398409 0.0632555 0.06624414 0.04519029 0.04072955 0.01953713 0.02254859 0.03914907 0.0522832 0.05038492 0.04755381 0.03829605 0.02743233 0.04293142 0.04700981 0.0711429 0.09663206 0.01599233
-9999 -9999 -9999 -9999 -9999 -9999 -9999 -9999 -9999 -9999 -9999 -9999 -9999 -9999 -9999 -9999 -9999 -9999 -9999 -9999 -9999 -9999 -9999 -9999 -9999 -9999 -9999 -9999 -9999 -9999 -9999 -9999 -9999 -9999 -9999 -9999 0.1944926 0.2154356 0.2996931 0.2346857 0.1540468 0.09472499 0.05709688 0.08860519 0.1043589 0.09555659 0.07546004 0.02438491 0.01708776 0.02221698 0.02389452 0.0312557 0.03295864 0.03633283 0.04089734 0.05530379 0.0653727 0.0636647 0.05405731 0.03662048
-9999 -9999 -9999 -9999 -9999 -9999 -9999 -9999 -9999 -9999 -9999 -9999 -9999 -9999 -9999 -9999 -9999 -9999 -9999 -9999 -9999 -9999 -9999 -9999 -9999 -9999 -9999 -9999 -9999 -9999 -9999 -9999 -9999 -9999 -9999 -9999 -9999 -9999 0.2981917 0.1745322 0.1079304 0.09257296 0.08968143 0.09978627 0.1126267 0.1300922 0.1451673 0.1064515 0.08038639 0.07183855 0.07252951 0.07320938 0.06808734 0.0745628 0.08488958 0.08917901 0.07392823 0.0471934 0.02299247 0.01654023
-9999 -9999 -9999 -9999 -9999 -9999 -9999 -9999 -9999 -9999 -9999 -9999 -9999 -9999 -9999 -9999 -9999 -9999 -9999 -9999 -9999 -9999 -9999 -9999 -9999 -9999 -9999 -9999 -9999 -9999 -9999 -9999 -9999 -9999 -9999 -9999 -9999 -9999 -9999 0.120927 0.09610362 0.1053436 0.140786 0.1722477 0.1607634 0.1188924 0.06223273 0.03860936 0.06605043 0.08384482 0.09306997 0.09748966 0.09672921 0.08975665 0.0762279 0.05642957 0.04677568 0.04350153 0.03013808 0.0190491
-9999 -9999 -9999 -9999 -9999 -9999 -9999 -9999 -9999 -9999 -9999 -9999 -9999 -9999 -9999 -9999 -9999 -9999 -9999 -9999 -9999 -9999 -9999 -9999 -9999 -9999 -9999 -9999 -9999 -9999 -9999 -9999 -9999 -9999 -9999 -9999 -9999 -9999 -9999 -9999 0.1464603 0.1107582 0.09425327 0.1131051 0.120579 0.1274937 0.1324998 0.115857 0.08465424 0.07343425 0.06128592 0.04422678 0.04603204 0.0406589 0.03073646 0.01974459 0.01902755 0.03591589 0.03176371 0.03543399
-9999 -9999 -9999 -9999 -9999 -9999 -9999 -9999 -9999 -9999 -9999 -9999 -9999 -9999 -9999 -9999 -9999 -9999 -9999 -9999 -9999 -9999 -9999 -9999 -9999 -9999 -9999 -9999 -9999 -9999 -9999 -9999 -9999 -9999 -9999 -9999 -9999 -9999 -9999 -9999 -9999 -9999 0.08903545 0.1182515 0.1273787 0.1140451 0.09769604 0.11494 0.1557145 0.1376244 0.114719 0.09486957 0.07945146 0.04315217 0.02138345 0.01260856 0.01291941 0.05232587 0.04315563 0.05071394
-9999 -9999 -9999 -9999 -9999 -9999 -9999 -9999 -9999 -9999 -9999 -9999 -9999 -9999 -9999 -9999 -9999 -9999 -9999 -9999 -9999 -9999 -9999 -9999 -9999 -9999 -9999 -9999 -9999 -9999 -9999 -9999 -9999 -9999 -9999 -9999 -9999 -9999 -9999 -9999 -9999 -9999 -9999 -9999 0.106485 0.1461995 0.1159904 0.04742477 0.1274705 0.08898311 0.07819863 0.08258172 0.08073501 0.05793774 0.02903418 0.015564 0.02860913 0.08673903 0.06664822 0.08119397
