Datasets/ASCII/slope.asc
ncols         220
nrows         174
xllcorner     -88.683333333822
yllcorner     37.641666667611
cellsize      0.008333333333
NODATA_value  -9999
[rows 52 to 77 of 174, columns 0 to 59 of 220]
-9999 -9999 -9999 -9999 -9999 -9999 -9999 -9999 -9999 0.2064033 0.1430715 0.1283919 0.1571634 0.1674692 0.1714902 0.1718013 0.1485116 0.08894761 0.08886468 0.1022469 0.1146233 0.1192908 0.1369105 0.1597399 0.1594554 0.1282428 0.1112534 0.09897323 0.1204299 0.1624252 0.1537663 0.06880593 0.03489022 0.0474269 0.06536513 0.1114951 0.1492527 0.1728109 0.1806614 0.2308044 0.3164877 0.3712892 0.3271172 0.1392971 0.0490802 0.01910649 0.0428419 0.1023152 0.1308309 0.1281955 0.09479568 0.0660357 0.07723954 0.1190159 0.163738 0.1829843 0.1971983 0.2014795 0.2106905 0.2335828
-9999 -9999 -9999 -9999 -9999 -9999 -9999 -9999 0.2037525 0.1780242 0.1531943 0.1398229 0.1337134 0.1433764 0.1460777 0.1445033 0.1775753 0.2195472 0.1151275 0.1176778 0.136837 0.1462567 0.153349 0.1482361 0.1254088 0.1005391 0.1154161 0.1211457 0.141413 0.1665204 0.1716411 0.1075374 0.09212056 0.08925407 0.07372313 0.1027351 0.1275498 0.1322233 0.1174753 0.1481454 0.174455 0.2126226 0.2309415 0.1325426 0.0987335 0.06361187 0.04318318 0.08428982 0.06150449 0.07102996 0.07786154 0.04820405 0.03252847 0.0655876 0.1352943 0.213302 0.2602196 0.23998 0.2163646 0.2342453
-9999 -9999 -9999 -9999 -9999 -9999 -9999 -9999 0.1987503 0.1093605 0.08863185 0.1498648 0.1835546 0.1618895 0.1822812 0.1804063 0.2063347 0.2428619 0.1658034 0.1217425 0.117641 0.1289522 0.1331846 0.1259392 0.1204184 0.1316967 0.1766382 0.1801059 0.1527719 0.1484618 0.1783541 0.1192001 0.1334597 0.1441905 0.1258431 0.09470715 0.09076134 0.09384761 0.09258819 0.08720791 0.08320867 0.1295739 0.1705643 0.1205328 0.07312232 0.07102516 0.08236598 0.09168519 0.1044232 0.1321203 0.1521409 0.1410563 0.07581768 0.06888198 0.1471533 0.2738278 0.3047845 0.2485549 0.2154496 0.2488533
-9999 -9999 -9999 -9999 -9999 -9999 -9999 0.2303108 0.1663951 0.09221235 0.155355 0.2393872 0.2937837 0.2598248 0.07608124 0.1624319 0.2258404 0.2410977 0.1967524 0.1236627 0.1283596 0.1437826 0.1274478 0.1166155 0.121006 0.1443408 0.1796881 0.1854714 0.1808171 0.177445 0.1725806 0.1177726 0.1449639 0.1700789 0.156295 0.07075592 0.06374887 0.07267363 0.07553209 0.04718117 0.03761794 0.09867084 0.158739 0.1592829 0.09642749 0.1180049 0.1195275 0.09077498 0.1344106 0.1658468 0.1985715 0.2026931 0.1062336 0.07754695 0.1595277 0.2825148 0.3267096 0.3189767 0.3826458 0.4828379
-9999 -9999 -9999 -9999 -9999 -9999 -9999 0.1995756 0.1418008 0.1126819 0.1840152 0.168553 0.2414672 0.2736273 0.1509512 0.1311388 0.1836586 0.2029883 0.1487565 0.09921787 0.1562845 0.1793124 0.1448024 0.1314653 0.121162 0.1314558 0.1493865 0.1476445 0.1087933 0.1200202 0.1225216 0.0487904 0.1636786 0.1670967 0.1210781 0.05911403 0.06216928 0.0598262 0.06304691 0.0677839 0.05734412 0.08986317 0.1475856 0.2053844 0.1962549 0.1881382 0.1521217 0.1036022 0.09466564 0.09455583 0.1568584 0.1896493 0.1055244 0.1097513 0.1684167 0.2490507 0.3143401 0.3531835 0.3409446 0.3216791
-9999 -9999 -9999 -9999 -9999 -9999 0.2799019 0.2414198 0.1456718 0.100454 0.1989734 0.2795978 0.2751538 0.2369698 0.1704697 0.1112117 0.1259131 0.1209271 0.08398012 0.07197355 0.1797236 0.1905566 0.1405052 0.1236644 0.120356 0.1522582 0.1932964 0.2123609 0.151064 0.09350449 0.07235813 0.086349 0.1611764 0.178117 0.1700178 0.1537178 0.1225166 0.07477711 0.05410164 0.06718908 0.09929281 0.09831028 0.08887875 0.1029659 0.1722718 0.2359173 0.2409944 0.1961513 0.1251087 0.1339746 0.1467075 0.1416639 0.1026822 0.1481897 0.1715908 0.1780158 0.1734454 0.1647634 0.1074862 0.1339536
-9999 -9999 -9999 -9999 -9999 -9999 0.2562848 0.2419228 0.2309007 0.2076383 0.1805615 0.1387957 0.1349904 0.1267311 0.1100442 0.09163537 0.1194159 0.09272942 0.055195 0.06419419 0.1969346 0.1817658 0.1224112 0.1093026 0.147956 0.1911821 0.1976788 0.1569889 0.08168816 0.07476441 0.07031197 0.07667652 0.1348124 0.1901689 0.2186871 0.225061 0.2088267 0.1524522 0.08690567 0.05410395 0.08525264 0.1183444 0.1066089 0.07634143 0.06971121 0.178356 0.2451445 0.2169858 0.1253671 0.1434868 0.1282705 0.1237485 0.1206056 0.1013612 0.1226953 0.1168705 0.106522 0.127592 0.1080715 0.1729466
-9999 -9999 -9999 -9999 -9999 -9999 0.2275616 0.2291855 0.3268855 0.3271413 0.2479984 0.1542279 0.08392197 0.09301541 0.1006596 0.04955752 0.1056124 0.09889795 0.06524207 0.05420299 0.1769935 0.1727767 0.130331 0.1114362 0.1791635 0.2338057 0.2100861 0.1442995 0.1378632 0.1197757 0.1028524 0.1032698 0.1452089 0.1466977 0.1443765 0.1526506 0.1835903 0.2191757 0.1538272 0.08912885 0.06879765 0.06156325 0.09384684 0.1108392 0.1090313 0.1326895 0.2074686 0.1691672 0.07779354 0.07639509 0.1298787 0.1563207 0.1411996 0.06030761 0.09787483 0.1058153 0.1043146 0.1184984 0.1281979 0.1994862
-9999 -9999 -9999 -9999 -9999 0.2886228 0.273344 0.2167832 0.344032 0.3571395 0.3022861 0.2520348 0.1845777 0.164928 0.1237989 0.0501609 0.09348184 0.09208123 0.07394938 0.06151843 0.1243008 0.1687817 0.1526018 0.1294548 0.2079717 0.214157 0.1435069 0.07656507 0.1364399 0.1673811 0.1660773 0.1661857 0.1839518 0.175381 0.1655034 0.133362 0.111764 0.1984594 0.1565092 0.1077382 0.0730644 0.05163656 0.09782396 0.1349651 0.1501267 0.1407205 0.2107377 0.169147 0.1111804 0.1195941 0.1765992 0.1477583 0.1076006 0.08146223 0.115629 0.1484599 0.1427464 0.1138412 0.1283225 0.165625
-9999 -9999 -9999 -9999 -9999 0.3125656 0.2813301 0.2309816 0.2681198 0.326257 0.2728117 0.1171684 0.1514898 0.133403 0.09604143 0.06151121 0.0881406 0.1037597 0.1089547 0.1078493 0.1033694 0.1925724 0.2335154 0.2216904 0.1758228 0.1168276 0.1457854 0.1636698 0.1190832 0.06927044 0.07785779 0.08681647 0.09329908 0.1124052 0.1771421 0.1890652 0.1467772 0.1099806 0.1397534 0.1680049 0.1876458 0.1795605 0.1866512 0.1944294 0.184675 0.1573248 0.2364196 0.1978284 0.1704003 0.1802853 0.1475396 0.1101092 0.1031308 0.131538 0.1697832 0.1796634 0.1479002 0.1113535 0.1339858 0.08801197
-9999 -9999 -9999 -9999 0.1904872 0.2383207 0.1996335 0.1359937 0.2604511 0.2625641 0.2495445 0.2242004 0.2352702 0.1874012 0.1171142 0.07172842 0.09098437 0.12811 0.1499412 0.1586201 0.1624699 0.2267162 0.2991621 0.2963353 0.2103936 0.1552244 0.12849 0.1445169 0.1489182 0.0511997 0.05897556 0.07206774 0.07391859 0.06279793 0.08649683 0.1689896 0.1942369 0.09672264 0.1531384 0.1821205 0.2258549 0.2778933 0.2766001 0.220352 0.1724533 0.1531518 0.1874528 0.1938659 0.2187425 0.2257336 0.1383377 0.1615066 0.1843274 0.215554 0.252268 0.1610747 0.1178447 0.1226127 0.1700641 0.1640341
-9999 -9999 -9999 -9999 0.1389015 0.2198178 0.2228561 0.2112588 0.3088459 0.1563952 0.2386952 0.2743024 0.09417234 0.1777853 0.09931304 0.05266445 0.1030164 0.1588312 0.1847721 0.1898956 0.1933406 0.2317112 0.2843574 0.3069012 0.2817533 0.2227075 0.1249164 0.1298012 0.1548061 0.1030558 0.046934 0.03514506 0.04381986 0.05500507 0.06726858 0.1567694 0.2172743 0.208969 0.1583335 0.1289386 0.1873474 0.2916476 0.2878739 0.1870928 0.1261672 0.103888 0.1051474 0.1584665 0.2418397 0.2797427 0.2255938 0.2236851 0.2290844 0.2640133 0.3011984 0.1373848 0.07017113 0.07651395 0.122081 0.1513541
-9999 -9999 -9999 -9999 0.1814252 0.251486 0.2846812 0.2966535 0.2888332 0.1049811 0.2339776 0.244842 0.07441059 0.1895498 0.1015195 0.09182149 0.1682512 0.2187472 0.1929658 0.190589 0.1938909 0.2003572 0.2042254 0.2652507 0.329267 0.3324289 0.2148033 0.1855294 0.168812 0.1235908 0.05881169 0.04849051 0.04477175 0.0555357 0.1213943 0.171569 0.1980388 0.1824946 0.1092435 0.1502434 0.2048383 0.2493897 0.2443636 0.1809501 0.1586949 0.1228407 0.06606156 0.1122277 0.2100957 0.2683591 0.2567883 0.201499 0.2160065 0.2503439 0.2664801 0.1743011 0.0904424 0.1013914 0.1629173 0.2118613
-9999 -9999 -9999 0.1951846 0.2051287 0.3236466 0.3502117 0.295454 0.1899041 0.1150623 0.2350386 0.2073787 0.09558446 0.1489988 0.111187 0.1838442 0.2663557 0.2488003 0.159937 0.2077806 0.2340838 0.1727262 0.1696685 0.1851467 0.2706826 0.3666444 0.2600558 0.2307054 0.1955148 0.1468168 0.09855992 0.06732754 0.07029854 0.08815593 0.1173245 0.1532956 0.1768415 0.1509412 0.07043528 0.1416752 0.1681289 0.1876067 0.2218592 0.2430654 0.2125693 0.1803863 0.1473047 0.1189193 0.09555479 0.1284817 0.1799141 0.2032655 0.2743904 0.2717836 0.2403834 0.1952309 0.1038967 0.103437 0.1007163 0.05856444
-9999 -9999 -9999 0.1226325 0.1359417 0.3047887 0.3551895 0.2801962 0.1885465 0.1902859 0.2204389 0.1802663 0.1136392 0.09294043 0.1467685 0.2758713 0.309559 0.2065249 0.1915154 0.2633025 0.2599491 0.1803683 0.2129393 0.1588238 0.236221 0.3408673 0.2050769 0.1695412 0.1576722 0.1437405 0.1137226 0.1017213 0.1014163 0.1040071 0.1013088 0.1430262 0.2145706 0.2127696 0.1395495 0.1475428 0.2046141 0.2446255 0.2484427 0.1998893 0.1589369 0.1390995 0.1369494 0.1423531 0.09286088 0.08589538 0.1309147 0.221951 0.3451793 0.2862265 0.2298191 0.229571 0.1637747 0.2044306 0.2733637 0.314724
-9999 -9999 -9999 0.106102 0.1767983 0.3551088 0.4632591 0.3074206 0.2081348 0.3320133 0.284159 0.2052324 0.1412184 0.1167013 0.1594911 0.278317 0.2383844 0.1307412 0.278006 0.3104687 0.2672601 0.2019862 0.1981151 0.2111126 0.2803797 0.2897976 0.1395893 0.08114491 0.08474954 0.09750314 0.1003316 0.1222048 0.09234267 0.07543724 0.08153101 0.1068734 0.2152877 0.2400167 0.1849473 0.07742586 0.08501928 0.1130791 0.1622585 0.2331918 0.1625888 0.1362488 0.150117 0.1835447 0.1281228 0.1088144 0.1120329 0.1579683 0.298677 0.2948773 0.3023534 0.3262483 0.2997768 0.2122169 0.1124306 0.05792439
-9999 -9999 -9999 0.1715301 0.2415847 0.4035061 0.4863566 0.2422032 0.2161752 0.4304916 0.331823 0.1359933 0.08334854 0.1274198 0.1519668 0.1912055 0.1779653 0.1807947 0.3329711 0.3142337 0.2602542 0.1864763 0.1208506 0.1356058 0.1543561 0.1466401 0.1063304 0.09241766 0.1012522 0.1053053 0.1045471 0.1138534 0.05472951 0.03080032 0.04520162 0.08769111 0.1853191 0.1975944 0.1842267 0.1941071 0.1393366 0.1318928 0.1567587 0.1977362 0.2420025 0.2589536 0.2742349 0.2705834 0.1761315 0.1380208 0.1207537 0.1152959 0.140267 0.2440749 0.3412522 0.4164098 0.4507266 0.3834247 0.3151433 0.2212425
-9999 -9999 0.1572978 0.1819089 0.2728238 0.3929562 0.4210194 0.1643436 0.1884033 0.3747907 0.3863507 0.1930672 0.1287748 0.1362391 0.1418974 0.1186643 0.1563471 0.2256056 0.2961569 0.2379496 0.2082878 0.1410587 0.05337157 0.04472592 0.04374323 0.06743308 0.1109177 0.1576371 0.1394598 0.1138502 0.09626444 0.09552228 0.0371191 0.01837418 0.03859981 0.0910948 0.130681 0.1436398 0.1540257 0.1665245 0.1558482 0.1156706 0.143507 0.2139431 0.2457181 0.22099 0.2755804 0.3009994 0.1902995 0.1798122 0.1843871 0.1531442 0.06994583 0.1452618 0.2260761 0.3263501 0.4166359 0.4108078 0.3739844 0.298206
-9999 -9999 0.1759833 0.1846671 0.2662313 0.3632555 0.3894346 0.2037424 0.2218591 0.3124128 0.3747669 0.2806963 0.1786999 0.109854 0.08031522 0.08249089 0.1158192 0.1804681 0.2201346 0.1200342 0.1639439 0.1409308 0.09391108 0.09071524 0.07244594 0.08495703 0.1336586 0.207719 0.1758286 0.1221884 0.08711258 0.07750306 0.03980798 0.04219079 0.05858317 0.07840838 0.07469559 0.1012191 0.1236319 0.1541982 0.2073026 0.1512744 0.1122856 0.108684 0.1197693 0.1341927 0.2521589 0.299067 0.2154664 0.2245198 0.2748465 0.2395622 0.1419566 0.1289381 0.08401611 0.131738 0.2394993 0.3127955 0.4237706 0.4117101
-9999 -9999 0.3126726 0.2766893 0.2691219 0.3102787 0.3581527 0.1896803 0.2783633 0.3761713 0.388777 0.2785784 0.1708703 0.1383682 0.1459109 0.126637 0.1207996 0.1734884 0.2007385 0.1076594 0.1905401 0.1419573 0.1293335 0.2207989 0.1992041 0.2095694 0.2481099 0.2883467 0.213865 0.1142845 0.07053803 0.07240313 0.07130817 0.09080413 0.1031402 0.09840016 0.07151587 0.1199865 0.1258471 0.1253085 0.1507852 0.2196888 0.1604372 0.1147818 0.1315849 0.1614592 0.2701623 0.3038296 0.2530572 0.2139402 0.3306915 0.2894553 0.1865475 0.1927583 0.1155705 0.1216218 0.1647756 0.1991221 0.3702521 0.4320208
-9999 -9999 0.3707135 0.3754121 0.2912371 0.2727046 0.3102232 0.2008865 0.3335315 0.3797124 0.3197095 0.2014687 0.1877537 0.1961536 0.2119185 0.2061933 0.1778293 0.2117401 0.2283273 0.1959641 0.2344369 0.148246 0.1877262 0.3286486 0.2285419 0.2584681 0.3198103 0.3429676 0.2179191 0.1042099 0.07408971 0.09015103 0.1117853 0.1422493 0.127669 0.1023534 0.08456488 0.1474292 0.1494184 0.1359338 0.1339682 0.2026689 0.1962111 0.1552955 0.1095677 0.08350682 0.1514009 0.181582 0.1911193 0.208336 0.3042348 0.2513987 0.2028378 0.2451391 0.2073794 0.1849528 0.2005917 0.2677871 0.4413858 0.4608414
-9999 0.210769 0.2792018 0.3523307 0.3154813 0.2583879 0.2166211 0.1987928 0.277629 0.3407749 0.3271902 0.2213632 0.2202272 0.1872091 0.1808395 0.2042975 0.1992716 0.2546949 0.2676413 0.2334246 0.1904563 0.189335 0.2900281 0.3446085 0.1090582 0.2675589 0.365279 0.3403445 0.1697862 0.07569969 0.0914608 0.1475649 0.206885 0.2542792 0.2133168 0.1355405 0.08347866 0.1450513 0.1595173 0.1675084 0.1974397 0.2571653 0.210854 0.1359767 0.08562172 0.08876899 0.08928654 0.08414648 0.132528 0.2336382 0.2455112 0.2006346 0.2084935 0.277996 0.2970594 0.2516038 0.2788749 0.3730134 0.5060275 0.3968757
-9999 0.1533715 0.1615387 0.1719266 0.2063774 0.1749694 0.1712457 0.2515671 0.2587119 0.2892897 0.2284029 0.1146518 0.2069604 0.1698836 0.1600323 0.1836563 0.1961401 0.2707305 0.2695522 0.2123887 0.1294657 0.2164342 0.3079382 0.3071674 0.1781205 0.313477 0.3018424 0.2398755 0.1554547 0.1058745 0.1139407 0.1420503 0.1838055 0.235493 0.2895171 0.2219653 0.1378235 0.1631185 0.2176287 0.1718471 0.130445 0.1537942 0.1745747 0.2067681 0.2303262 0.2329599 0.1491482 0.09388735 0.1392159 0.2398516 0.252282 0.2381717 0.2452878 0.2780839 0.3234454 0.2178401 0.2550898 0.3706063 0.4917927 0.2910012
-9999 0.2260807 0.167693 0.07099662 0.1206945 0.2148896 0.3024693 0.3503027 0.2396936 0.1920657 0.1546727 0.1353343 0.1977925 0.160419 0.1821101 0.2197887 0.2331514 0.2514316 0.2338444 0.2071381 0.2117784 0.348112 0.3527081 0.2674781 0.1552875 0.2413751 0.1350685 0.1319809 0.1705996 0.1226046 0.06433384 0.07479679 0.1208927 0.1777223 0.2839185 0.2322033 0.1547841 0.1475529 0.2116126 0.1481083 0.1055526 0.1563402 0.2910787 0.4007557 0.4091276 0.3679402 0.3499966 0.1930812 0.1550207 0.1896017 0.2237042 0.2180727 0.2199852 0.2430802 0.2737471 0.158409 0.2627707 0.4047726 0.4644829 0.1890792
-9999 0.3712992 0.2869896 0.1793705 0.1286421 0.3212464 0.4238304 0.3662346 0.1186576 0.1352014 0.180519 0.2122515 0.2145836 0.1891105 0.2063779 0.2337653 0.2462683 0.2256275 0.2169032 0.1967487 0.2328501 0.4785997 0.4316534 0.3407353 0.252319 0.2089754 0.1190861 0.09440028 0.1195748 0.1470899 0.09746186 0.08830926 0.1376803 0.2350916 0.3458487 0.2844565 0.1938412 0.119341 0.1240705 0.1775088 0.1620211 0.1462464 0.227748 0.2939822 0.2889924 0.3327825 0.485817 0.3113181 0.202579 0.1439449 0.1173642 0.09273873 0.1388604 0.2324243 0.3032412 0.1497816 0.2985504 0.4120431 0.3729534 0.1179251
-9999 0.5055028 0.419412 0.2896773 0.1451434 0.3012299 0.4376407 0.4153186 0.2046449 0.1741569 0.1695721 0.1623803 0.1440784 0.1366869 0.1493659 0.168167 0.1819883 0.1741191 0.1674719 0.118665 0.148531 0.4043141 0.4427807 0.4674415 0.4275713 0.2990112 0.2310349 0.1158085 0.09852304 0.1731929 0.1796097 0.1486694 0.1780305 0.2640112 0.3611676 0.2263883 0.1547224 0.1177556 0.07090883 0.2085187 0.2057579 0.2049005 0.3149021 0.285263 0.2327086 0.2869538 0.4324234 0.367773 0.2411259 0.141916 0.08664038 0.07431745 0.1393081 0.240679 0.3229475 0.3174022 0.2534829 0.3070547 0.3114375 0.1605901
